Epoch,Tanh,ReLU,LeakyReLU,Sigmoid
1,8.5013,8.4323,8.5571,8.3299
2,8.4045,8.2653,8.4328,8.3272
3,8.3303,8.1834,8.3560,8.3250
4,8.2712,8.1244,8.2958,8.3235
5,8.2218,8.0767,8.2455,8.3223
6,8.1798,8.0356,8.2055,8.3213
7,8.1419,7.9977,8.1686,8.3205
8,8.1071,7.9608,8.1320,8.3193
9,8.0741,7.9261,8.0957,8.3187
10,8.0412,7.8915,8.0569,8.3176
11,8.0085,7.8568,8.0181,8.3168
12,7.9748,7.8226,7.9748,8.3160
13,7.9394,7.7848,7.9304,8.3151
14,7.9018,7.7476,7.8819,8.3142
15,7.8606,7.7064,7.8296,8.3132
16,7.8146,7.6641,7.7709,8.3122
17,7.7622,7.6198,7.7081,8.3115
18,7.7019,7.5699,7.6362,8.3106
19,7.6321,7.5165,7.5581,8.3098
20,7.5511,7.4562,7.4737,8.3089
21,7.4571,7.3942,7.3845,8.3080
22,7.3503,7.3194,7.2923,8.3070
23,7.2295,7.2357,7.1956,8.3061
24,7.0952,7.1429,7.0974,8.3052
25,6.9495,7.0393,6.9935,8.3044
26,6.7919,6.9210,6.8888,8.3036
27,6.6260,6.7952,6.7870,8.3024
28,6.4529,6.6421,6.6768,8.3016
29,6.2767,6.4786,6.5669,8.3008
30,6.0982,6.2835,6.4611,8.2997
31,5.9263,6.0909,6.3538,8.2986
32,5.7611,5.8719,6.2518,8.2976
33,5.6073,5.6318,6.1499,8.2968
34,5.4665,5.3944,6.0363,8.2958
35,5.3376,5.1424,5.9427,8.2948
36,5.2217,4.9081,5.8505,8.2938
37,5.1212,4.6536,5.7621,8.2928
38,5.0325,4.4351,5.6811,8.2918
39,4.9527,4.2229,5.5771,8.2906
40,4.8866,4.0330,5.5122,8.2896
41,4.8275,3.8503,5.4340,8.2885
42,4.7718,3.7180,5.3676,8.2874
43,4.7280,3.5624,5.2991,8.2863
44,4.6861,3.4627,5.2363,8.2851
45,4.6471,3.3363,5.1707,8.2840
46,4.6158,3.1904,5.0943,8.2827
47,4.5839,3.0614,5.0498,8.2816
48,4.5543,2.9666,4.9842,8.2803
49,4.5296,2.8303,4.9122,8.2795
50,4.5044,2.7698,4.8863,8.2782
51,4.4809,2.7192,4.8309,8.2767
52,4.4594,2.6457,4.7968,8.2757
53,4.4344,2.6348,4.7266,8.2741
54,4.4136,2.6163,4.6759,8.2730
55,4.3929,2.5664,4.6474,8.2717
56,4.3694,2.4917,4.6097,8.2703
57,4.3494,2.4980,4.5824,8.2688
58,4.3269,2.4834,4.5347,8.2674
59,4.3041,2.4413,4.5009,8.2661
60,4.2854,2.4842,4.4543,8.2648
61,4.2636,2.4488,4.4218,8.2633
62,4.2420,2.3636,4.3903,8.2618
63,4.2189,2.2903,4.3594,8.2602
64,4.1969,2.3355,4.3118,8.2586
65,4.1759,2.3989,4.3020,8.2572
66,4.1534,2.3751,4.2489,8.2555
67,4.1326,2.2928,4.2340,8.2540
68,4.1104,2.3982,4.1789,8.2524
69,4.0894,2.3198,4.1224,8.2505
70,4.0655,2.2472,4.1172,8.2491
71,4.0470,2.2983,4.0573,8.2472
72,4.0251,2.2500,4.0256,8.2457
73,4.0051,2.2510,3.9772,8.2439
74,3.9816,2.2532,4.0039,8.2421
75,3.9619,2.3123,3.9345,8.2400
76,3.9371,2.2493,3.8820,8.2383
77,3.9132,2.3053,3.8858,8.2364
78,3.8907,2.2581,3.8140,8.2345
79,3.8674,2.2917,3.7866,8.2327
80,3.8385,2.2763,3.7891,8.2306
81,3.8065,2.3071,3.7586,8.2287
82,3.7777,2.2774,3.6482,8.2266
83,3.7394,2.3435,3.6398,8.2246
84,3.6999,2.2657,3.6620,8.2225
85,3.6571,2.2993,3.6149,8.2204
86,3.6054,2.3491,3.6155,8.2184
87,3.5472,2.2572,3.5093,8.2161
88,3.4876,2.2421,3.4902,8.2140
89,3.4234,2.3095,3.4614,8.2114
90,3.3521,2.3143,3.4481,8.2095
91,3.2848,2.2070,3.4482,8.2070
92,3.2080,2.2277,3.4008,8.2047
93,3.1327,2.3444,3.3876,8.2024
94,3.0550,2.2429,3.3185,8.2000
95,2.9792,2.2528,3.3137,8.1974
96,2.9047,2.2198,3.3164,8.1951
97,2.8273,2.2134,3.2660,8.1925
98,2.7540,2.3149,3.2305,8.1901
99,2.6809,2.2230,3.2102,8.1876
100,2.6107,2.2341,3.2005,8.1851
101,2.5427,2.2609,3.1601,8.1823
102,2.4786,2.2890,3.1710,8.1795
103,2.4202,2.1950,3.1087,8.1769
104,2.3657,2.2377,3.0899,8.1743
105,2.3090,2.2135,3.0365,8.1715
106,2.2580,2.1853,3.0076,8.1689
107,2.2093,2.2599,2.9821,8.1660
108,2.1667,2.2269,2.9749,8.1632
109,2.1283,2.2585,2.9471,8.1606
110,2.0852,2.1886,2.9350,8.1576
111,2.0516,2.2218,2.8953,8.1548
112,2.0240,2.2387,2.9047,8.1517
113,1.9909,2.2756,2.9039,8.1490
114,1.9651,2.2482,2.8776,8.1460
115,1.9396,2.1946,2.8718,8.1430
116,1.9178,2.2379,2.8242,8.1401
117,1.8958,2.2435,2.7984,8.1369
118,1.8782,2.2196,2.8004,8.1341
119,1.8613,2.3104,2.7716,8.1311
120,1.8462,2.2034,2.7706,8.1281
121,1.8314,2.2228,2.7748,8.1249
122,1.8170,2.2350,2.7302,8.1220
123,1.8034,2.2452,2.7385,8.1190
124,1.7917,2.2092,2.6994,8.1158
125,1.7768,2.1813,2.6834,8.1126
126,1.7677,2.2194,2.6582,8.1096
127,1.7579,2.1659,2.6846,8.1068
128,1.7511,2.3247,2.6125,8.1033
129,1.7382,2.1910,2.6515,8.1004
130,1.7342,2.2288,2.6076,8.0973
131,1.7251,2.1950,2.6005,8.0942
132,1.7168,2.1933,2.5636,8.0910
133,1.7116,2.1867,2.5542,8.0881
134,1.7037,2.2109,2.5542,8.0850
135,1.6933,2.2424,2.5589,8.0817
136,1.6913,2.1619,2.5215,8.0790
137,1.6849,2.2317,2.5400,8.0759
138,1.6770,2.2470,2.5257,8.0727
139,1.6726,2.2537,2.4986,8.0699
140,1.6678,2.1843,2.5002,8.0666
141,1.6594,2.1788,2.4737,8.0637
142,1.6536,2.2516,2.4481,8.0607
143,1.6496,2.2418,2.4755,8.0578
144,1.6451,2.1645,2.4296,8.0549
145,1.6391,2.1612,2.4246,8.0519
146,1.6346,2.2354,2.4140,8.0492
147,1.6325,2.1290,2.3882,8.0462
148,1.6270,2.2200,2.4329,8.0433
149,1.6222,2.2162,2.3884,8.0404
150,1.6137,2.2380,2.3704,8.0376
151,1.6113,2.1434,2.3680,8.0348
152,1.6101,2.1633,2.3420,8.0321
153,1.6086,2.1683,2.3310,8.0292
154,1.5996,2.1436,2.3754,8.0265
155,1.6025,2.2123,2.3099,8.0239
156,1.5941,2.2197,2.3111,8.0213
157,1.5881,2.1720,2.3062,8.0188
158,1.5845,2.1655,2.2792,8.0161
159,1.5792,2.1731,2.2846,8.0136
160,1.5749,2.1740,2.2961,8.0110
161,1.5790,2.2598,2.3149,8.0084
162,1.5736,2.1676,2.2430,8.0059
163,1.5654,2.1748,2.2603,8.0034
164,1.5572,2.1731,2.3358,8.0011
165,1.5666,2.1646,2.2760,7.9987
166,1.5560,2.1644,2.2180,7.9963
167,1.5556,2.1925,2.2291,7.9939
168,1.5543,2.2322,2.1964,7.9917
169,1.5436,2.1367,2.1613,7.9897
170,1.5451,2.1572,2.1790,7.9869
171,1.5378,2.1766,2.2263,7.9850
172,1.5373,2.2183,2.1915,7.9826
173,1.5293,2.1592,2.1729,7.9806
174,1.5309,2.1680,2.1615,7.9784
175,1.5224,2.1593,2.1465,7.9763
176,1.5213,2.1651,2.1845,7.9743
177,1.5176,2.1643,2.1354,7.9724
178,1.5176,2.1469,2.1693,7.9701
179,1.5110,2.1525,2.1151,7.9682
180,1.5113,2.1740,2.1076,7.9662
181,1.5058,2.1585,2.0980,7.9642
182,1.5032,2.1981,2.1298,7.9623
183,1.5043,2.1388,2.1404,7.9605
184,1.4936,2.1376,2.1127,7.9584
185,1.4942,2.1579,2.1268,7.9566
186,1.4919,2.1471,2.0940,7.9546
187,1.4902,2.1595,2.1033,7.9528
188,1.4863,2.2394,2.0880,7.9508
189,1.4779,2.1502,2.1221,7.9493
190,1.4815,2.2792,2.1157,7.9473
191,1.4757,2.1731,2.0786,7.9455
192,1.4719,2.1096,2.0742,7.9436
193,1.4639,2.1669,2.0765,7.9418
194,1.4621,2.1886,2.0966,7.9402
195,1.4611,2.2221,2.0502,7.9383
196,1.4548,2.1014,2.0382,7.9370
197,1.4572,2.2302,2.0891,7.9353
198,1.4583,2.1789,2.0654,7.9331
199,1.4479,2.1857,2.0450,7.9315
200,1.4484,2.1789,2.0195,7.9299
201,1.4489,2.2163,2.0690,7.9282
202,1.4414,2.1926,2.0011,7.9264
203,1.4357,2.2546,2.0084,7.9249
204,1.4382,2.1765,2.0244,7.9231
205,1.4284,2.1816,1.9973,7.9213
206,1.4229,2.1186,2.0144,7.9196
207,1.4253,2.1107,2.0177,7.9180
208,1.4171,2.1342,2.0425,7.9164
209,1.4137,2.1523,2.0199,7.9146
210,1.4131,2.1235,1.9905,7.9130
211,1.4036,2.1075,1.9949,7.9114
212,1.3956,2.1442,2.0306,7.9096
213,1.3942,2.1148,1.9865,7.9081
214,1.3848,2.1552,1.9884,7.9061
215,1.3804,2.1373,1.9548,7.9044
216,1.3725,2.1679,1.9740,7.9028
217,1.3701,2.1447,2.0288,7.9012
218,1.3685,2.1245,1.9919,7.8994
219,1.3572,2.1520,1.9889,7.8977
220,1.3557,2.0777,1.9877,7.8961
221,1.3507,2.1462,1.9842,7.8941
222,1.3434,2.1852,2.0040,7.8925
223,1.3427,2.1565,1.9396,7.8906
224,1.3360,2.1258,2.0158,7.8893
225,1.3249,2.1155,1.9834,7.8873
226,1.3200,2.1066,1.9406,7.8854
227,1.3261,2.1952,1.9923,7.8839
228,1.3193,2.1351,1.9364,7.8819
229,1.3180,2.1244,1.9915,7.8803
230,1.3266,2.1088,1.9772,7.8784
231,1.3091,2.1623,1.9389,7.8767
232,1.3053,2.1174,1.9413,7.8749
233,1.3032,2.1079,1.9320,7.8728
234,1.3027,2.1451,1.9458,7.8710
235,1.2926,2.1342,1.9456,7.8691
236,1.2909,2.0873,1.9288,7.8673
237,1.2958,2.0972,1.9120,7.8657
238,1.2934,2.1137,1.8926,7.8634
239,1.2985,2.1932,1.9017,7.8616
240,1.2882,2.0702,1.9520,7.8596
241,1.2730,2.1233,1.9482,7.8576
242,1.2739,2.0944,1.9346,7.8556
243,1.2729,2.1525,1.9058,7.8535
244,1.2742,2.1407,1.9156,7.8516
245,1.2731,2.0850,1.8966,7.8497
246,1.2732,2.1359,1.9014,7.8474
247,1.2711,2.1216,1.8773,7.8455
248,1.2676,2.1542,1.9408,7.8434
249,1.2721,2.0797,1.8657,7.8413
250,1.2652,2.0908,1.8605,7.8391
251,1.2638,2.1004,1.8615,7.8370
252,1.2705,2.1460,1.8683,7.8350
253,1.2614,2.1061,1.8731,7.8327
254,1.2629,2.1449,1.8805,7.8304
255,1.2615,2.0965,1.8609,7.8285
256,1.2554,2.0512,1.8361,7.8259
257,1.2586,2.1116,1.8432,7.8238
258,1.2455,2.1465,1.8392,7.8216
259,1.2503,2.1298,1.8099,7.8190
260,1.2467,2.1061,1.8350,7.8168
261,1.2508,2.1158,1.8553,7.8143
262,1.2434,2.0932,1.8718,7.8119
263,1.2499,2.1317,1.8193,7.8097
264,1.2352,2.0959,1.8760,7.8071
265,1.2397,2.0611,1.8602,7.8045
266,1.2359,2.0587,1.8373,7.8021
267,1.2415,2.0903,1.8233,7.7999
268,1.2281,2.0667,1.8254,7.7971
269,1.2330,2.0558,1.8443,7.7948
270,1.2350,2.1158,1.7764,7.7921
271,1.2412,2.1735,1.8367,7.7893
272,1.2252,2.0603,1.8342,7.7866
273,1.2292,2.1518,1.8365,7.7840
274,1.2236,2.1280,1.8466,7.7813
275,1.2226,2.1041,1.7859,7.7786
276,1.2332,2.1461,1.8287,7.7758
277,1.2292,2.1121,1.8089,7.7729
278,1.2223,2.1012,1.8162,7.7702
279,1.2311,2.0511,1.8241,7.7675
280,1.2075,2.1420,1.7750,7.7647
281,1.2210,2.0883,1.8276,7.7619
282,1.2198,2.0734,1.7930,7.7589
283,1.2185,2.0527,1.8001,7.7559
284,1.2061,2.0838,1.7937,7.7528
285,1.2203,2.0932,1.8106,7.7498
286,1.2117,2.0573,1.8416,7.7467
287,1.2152,2.0991,1.7918,7.7436
288,1.2060,2.0597,1.7846,7.7405
289,1.2167,2.0906,1.8117,7.7375
290,1.2050,2.0589,1.7957,7.7341
291,1.2223,2.1132,1.7737,7.7309
292,1.2049,2.0581,1.8034,7.7277
293,1.2107,2.0860,1.7658,7.7244
294,1.1966,2.0686,1.7792,7.7214
295,1.1973,2.1376,1.7637,7.7179
296,1.2126,2.1010,1.7578,7.7144
297,1.1946,2.0817,1.7964,7.7110
298,1.2040,1.9940,1.7732,7.7077
299,1.1990,2.1113,1.7923,7.7041
300,1.2008,2.0977,1.7880,7.7007
301,1.1991,2.0895,1.7463,7.6973
302,1.1999,2.0598,1.7990,7.6936
303,1.1977,2.0787,1.7585,7.6898
304,1.1918,2.0972,1.7138,7.6860
305,1.1984,2.0653,1.7593,7.6824
306,1.2004,2.0523,1.8243,7.6788
307,1.1936,2.1058,1.7457,7.6750
308,1.2003,2.0862,1.7601,7.6710
309,1.1944,2.0493,1.7660,7.6674
310,1.1827,2.0846,1.7673,7.6636
311,1.1752,2.0948,1.7284,7.6593
312,1.1937,2.0420,1.7751,7.6556
313,1.1844,2.0445,1.7870,7.6517
314,1.1782,2.1023,1.7346,7.6475
315,1.1815,2.0840,1.7293,7.6435
316,1.1788,2.0428,1.7296,7.6392
317,1.2016,2.0739,1.7624,7.6349
318,1.1875,2.1009,1.7283,7.6306
319,1.1909,2.0981,1.7400,7.6266
320,1.1882,2.0848,1.7072,7.6222
321,1.1769,2.0853,1.7657,7.6180
322,1.1810,2.0665,1.7249,7.6137
323,1.1783,2.0761,1.7201,7.6092
324,1.1688,2.0647,1.7337,7.6046
325,1.1819,2.0082,1.7200,7.6000
326,1.1815,2.0561,1.7331,7.5953
327,1.1805,2.0766,1.7059,7.5909
328,1.1763,2.0912,1.7599,7.5861
329,1.1782,2.0192,1.7224,7.5812
330,1.1860,2.0673,1.7240,7.5767
331,1.1737,2.0193,1.7321,7.5718
332,1.1659,2.0623,1.6981,7.5668
333,1.1750,2.0231,1.7291,7.5620
334,1.1726,2.1187,1.7352,7.5569
335,1.1908,2.0778,1.7319,7.5518
336,1.1580,2.1018,1.7249,7.5468
337,1.1596,2.0516,1.7228,7.5418
338,1.1847,2.0393,1.7057,7.5366
339,1.1744,2.0746,1.7168,7.5312
340,1.1963,2.0581,1.6713,7.5257
341,1.1658,2.0488,1.6917,7.5202
342,1.1601,2.0045,1.7052,7.5150
343,1.1736,2.0227,1.7352,7.5090
344,1.1569,2.0358,1.7428,7.5035
345,1.1624,2.0735,1.7186,7.4978
346,1.1578,2.0399,1.7495,7.4919
347,1.1614,2.0528,1.7128,7.4860
348,1.1685,2.0690,1.7095,7.4804
349,1.1670,2.0848,1.7274,7.4741
350,1.1520,2.1337,1.6780,7.4682
351,1.1607,2.0498,1.6728,7.4621
352,1.1495,2.0243,1.6998,7.4560
353,1.1658,2.0782,1.7132,7.4491
354,1.1456,2.0023,1.7240,7.4427
355,1.1541,2.0331,1.7434,7.4359
356,1.1555,2.0394,1.6634,7.4296
357,1.1660,2.0416,1.7297,7.4228
358,1.1622,2.0959,1.7025,7.4161
359,1.1626,2.0419,1.6817,7.4087
360,1.1464,2.0302,1.7365,7.4015
361,1.1471,2.0162,1.6920,7.3947
362,1.1558,2.0984,1.7227,7.3871
363,1.1567,2.0341,1.6705,7.3797
364,1.1716,2.0236,1.6859,7.3722
365,1.1534,2.0461,1.7107,7.3644
366,1.1564,2.0543,1.7041,7.3564
367,1.1675,2.0709,1.6886,7.3480
368,1.1472,2.0486,1.7317,7.3401
369,1.1608,1.9666,1.7022,7.3314
370,1.1493,2.0524,1.6854,7.3232
371,1.1338,2.0141,1.7275,7.3140
372,1.1426,2.0157,1.6809,7.3048
373,1.1345,2.0212,1.6802,7.2959
374,1.1563,1.9794,1.6850,7.2864
375,1.1407,2.0659,1.6889,7.2770
376,1.1451,2.0735,1.6650,7.2669
377,1.1239,2.0233,1.7173,7.2570
378,1.1411,2.0351,1.7107,7.2464
379,1.1474,2.0446,1.6644,7.2359
380,1.1320,2.0556,1.6962,7.2249
381,1.1241,2.0514,1.6673,7.2137
382,1.1374,2.0548,1.7385,7.2022
383,1.1304,2.0298,1.6909,7.1906
384,1.1235,2.0038,1.7095,7.1784
385,1.1497,1.9898,1.6764,7.1662
386,1.1398,2.0175,1.6720,7.1532
387,1.1120,2.0290,1.7059,7.1402
388,1.1291,1.9889,1.6763,7.1267
389,1.1538,1.9124,1.6822,7.1133
390,1.1384,1.9667,1.6782,7.0986
391,1.1440,1.9162,1.6912,7.0847
392,1.1183,1.8862,1.6751,7.0698
393,1.1269,1.9541,1.6624,7.0543
394,1.1040,1.9003,1.6481,7.0387
395,1.1195,1.8832,1.6791,7.0226
396,1.1258,1.9404,1.6916,7.0063
397,1.1460,1.9369,1.6708,6.9894
398,1.1176,1.9244,1.6865,6.9718
399,1.1256,1.9222,1.6457,6.9544
400,1.1365,1.9486,1.6695,6.9363
401,1.1339,1.9397,1.6574,6.9179
402,1.1108,1.9830,1.6816,6.8990
403,1.1474,1.9099,1.6321,6.8796
404,1.1042,1.9027,1.6910,6.8592
405,1.1080,1.9581,1.6596,6.8391
406,1.1021,1.8650,1.6812,6.8189
407,1.1399,1.8612,1.6633,6.7973
408,1.1227,1.9263,1.6682,6.7755
409,1.1636,1.8737,1.7129,6.7535
410,1.1057,1.9283,1.6745,6.7308
411,1.1316,1.9313,1.6582,6.7079
412,1.0931,1.9038,1.6686,6.6845
413,1.0992,1.8870,1.6590,6.6606
414,1.1673,1.8869,1.6908,6.6361
415,1.1540,1.8574,1.6596,6.6114
416,1.1104,1.8983,1.6771,6.5861
417,1.1001,1.8929,1.6905,6.5602
418,1.0801,1.9085,1.6488,6.5344
419,1.0976,1.8548,1.6965,6.5081
420,1.1156,1.9097,1.6814,6.4808
421,1.1442,1.8657,1.6236,6.4539
422,1.1045,1.8345,1.6613,6.4263
423,1.1106,1.8789,1.6595,6.3976
424,1.1217,1.8928,1.6311,6.3705
425,1.1153,1.8798,1.6703,6.3413
426,1.1092,1.8427,1.6457,6.3122
427,1.1032,1.8460,1.6760,6.2833
428,1.1137,1.9281,1.6735,6.2535
429,1.1049,1.8548,1.6530,6.2237
430,1.1072,1.8737,1.6632,6.1935
431,1.1059,1.9221,1.6509,6.1636
432,1.1005,1.9015,1.6661,6.1327
433,1.1107,1.8683,1.6315,6.1025
434,1.0928,1.8894,1.6461,6.0719
435,1.0760,1.8592,1.6528,6.0410
436,1.0964,1.8559,1.6822,6.0101
437,1.0872,1.8890,1.6353,5.9790
438,1.0907,1.8417,1.6532,5.9477
439,1.0929,1.8914,1.6566,5.9166
440,1.0775,1.9191,1.6715,5.8853
441,1.1340,1.8830,1.6483,5.8544
442,1.0877,1.8379,1.6397,5.8230
443,1.0968,1.8289,1.6426,5.7922
444,1.1149,1.8294,1.6311,5.7612
445,1.1048,1.8151,1.6639,5.7297
446,1.0902,1.8306,1.6247,5.6993
447,1.0807,1.8521,1.6599,5.6689
448,1.1078,1.8528,1.6384,5.6380
449,1.1297,1.8711,1.6622,5.6075
450,1.0792,1.8526,1.6926,5.5777
451,1.0770,1.8064,1.6304,5.5471
452,1.0699,1.8391,1.6317,5.5170
453,1.0787,1.8201,1.6521,5.4878
454,1.1168,1.8444,1.6397,5.4583
455,1.1111,1.8205,1.6661,5.4292
456,1.0778,1.8349,1.6582,5.4000
457,1.1047,1.7798,1.6618,5.3713
458,1.0616,1.7753,1.6328,5.3425
459,1.0691,1.8485,1.6515,5.3144
460,1.1015,1.8216,1.6257,5.2865
461,1.0589,1.8279,1.6316,5.2588
462,1.0649,1.8495,1.6288,5.2311
463,1.0568,1.8226,1.5963,5.2037
464,1.0758,1.8322,1.6383,5.1770
465,1.1001,1.7728,1.6511,5.1504
466,1.0746,1.8522,1.6565,5.1244
467,1.0719,1.8056,1.6486,5.0985
468,1.0506,1.8976,1.6214,5.0725
469,1.0750,1.8223,1.6331,5.0466
470,1.0778,1.7994,1.6169,5.0221
471,1.0832,1.9002,1.6326,4.9977
472,1.0620,1.8737,1.6540,4.9724
473,1.0597,1.8397,1.6069,4.9486
474,1.0706,1.7857,1.6913,4.9246
475,1.0826,1.8057,1.6201,4.9010
476,1.0724,1.8042,1.6358,4.8775
477,1.0639,1.8238,1.6376,4.8545
478,1.0462,1.7747,1.6297,4.8317
479,1.0522,1.7579,1.6486,4.8090
480,1.0506,1.8428,1.6465,4.7868
481,1.0784,1.7515,1.6538,4.7647
482,1.0415,1.7641,1.6373,4.7436
483,1.0466,1.7679,1.6361,4.7216
484,1.0661,1.7956,1.6056,4.7008
485,1.0552,1.7812,1.6498,4.6799
486,1.0542,1.7738,1.6421,4.6592
487,1.0599,1.7499,1.6108,4.6385
488,1.0932,1.8333,1.6459,4.6187
489,1.0424,1.7795,1.6683,4.5994
490,1.0662,1.7754,1.6268,4.5794
491,1.0655,1.7704,1.6476,4.5601
492,1.0926,1.7806,1.6318,4.5408
493,1.0573,1.7761,1.6640,4.5217
494,1.0408,1.7667,1.6135,4.5035
495,1.0533,1.8490,1.6023,4.4849
496,1.0571,1.7359,1.6122,4.4670
497,1.0415,1.7741,1.6157,4.4491
498,1.0847,1.7394,1.6197,4.4312
499,1.0502,1.7523,1.6724,4.4137
500,1.0387,1.7245,1.6366,4.3966
