Epoch,2x8x4x1,2x16x8x4x1,2x32x16x8x4x1,2x64x32x16x8x4x1
1,8.2821,8.2599,8.2144,8.2193
2,8.2357,8.2134,8.1757,8.2152
3,8.2026,8.1775,8.1463,8.2111
4,8.1772,8.1458,8.1206,8.2072
5,8.1559,8.1152,8.0964,8.2033
6,8.1356,8.0837,8.0719,8.1991
7,8.1147,8.0494,8.0460,8.1948
8,8.0920,8.0106,8.0188,8.1901
9,8.0661,7.9667,7.9889,8.1847
10,8.0361,7.9177,7.9571,8.1788
11,8.0011,7.8622,7.9210,8.1720
12,7.9605,7.8000,7.8804,8.1644
13,7.9152,7.7288,7.8324,8.1554
14,7.8649,7.6449,7.7736,8.1450
15,7.8117,7.5438,7.6976,8.1331
16,7.7549,7.4220,7.5960,8.1194
17,7.6950,7.2754,7.4541,8.1034
18,7.6294,7.1030,7.2541,8.0852
19,7.5550,6.9073,6.9834,8.0645
20,7.4706,6.6924,6.6372,8.0417
21,7.3753,6.4656,6.2463,8.0160
22,7.2679,6.2346,5.8502,7.9882
23,7.1494,6.0053,5.4694,7.9581
24,7.0207,5.7816,5.0878,7.9256
25,6.8830,5.5644,4.6963,7.8898
26,6.7384,5.3645,4.2778,7.8473
27,6.5879,5.1756,3.8541,7.7931
28,6.4355,5.0046,3.4719,7.7128
29,6.2811,4.8542,3.1688,7.5819
30,6.1286,4.7260,2.9340,7.3721
31,5.9765,4.6106,2.7450,7.0738
32,5.8338,4.5120,2.5666,6.7054
33,5.6927,4.4271,2.3992,6.3027
34,5.5588,4.3504,2.2678,5.9185
35,5.4327,4.2784,2.1579,5.5845
36,5.3122,4.2101,2.0798,5.3018
37,5.2025,4.1393,2.0107,5.0739
38,5.0989,4.0655,1.9447,4.8807
39,5.0020,3.9813,1.8846,4.7029
40,4.9158,3.8845,1.8372,4.4699
41,4.8368,3.7731,1.7810,3.9638
42,4.7660,3.6426,1.7216,3.4496
43,4.7013,3.4966,1.6771,3.1548
44,4.6401,3.3460,1.6075,2.9932
45,4.5858,3.1903,1.5419,2.8936
46,4.5355,3.0371,1.4390,2.8167
47,4.4878,2.8971,1.3404,2.7145
48,4.4414,2.7598,1.2846,2.5735
49,4.3961,2.6370,1.2294,2.4855
50,4.3517,2.5289,1.1503,2.3929
51,4.3064,2.4306,1.0614,2.3100
52,4.2649,2.3397,1.0617,2.2636
53,4.2212,2.2556,0.9773,2.2044
54,4.1809,2.1815,0.9863,2.2093
55,4.1417,2.1098,1.0138,2.1489
56,4.1008,2.0414,0.8914,2.1229
57,4.0627,1.9785,0.8327,2.1572
58,4.0258,1.9169,0.8352,2.0400
59,3.9881,1.8651,0.9045,2.0273
60,3.9518,1.8117,0.8913,2.0002
61,3.9156,1.7620,0.9487,2.0032
62,3.8790,1.7165,0.9554,1.9481
63,3.8432,1.6715,0.9754,1.9941
64,3.8080,1.6276,0.8057,1.8918
65,3.7731,1.5894,0.8417,1.8657
66,3.7377,1.5459,0.8593,1.8409
67,3.7036,1.5142,0.6591,1.8406
68,3.6679,1.4769,0.7549,1.8317
69,3.6325,1.4409,0.7532,1.7772
70,3.6005,1.4200,0.6303,1.7377
71,3.5655,1.3833,0.6841,1.7751
72,3.5310,1.3469,0.6564,1.8223
73,3.4967,1.3186,0.6580,1.7080
74,3.4619,1.2979,0.5676,1.6898
75,3.4300,1.2779,0.8224,1.5131
76,3.3941,1.2450,0.7540,1.5125
77,3.3602,1.2215,0.6284,1.4777
78,3.3217,1.2011,0.6224,1.4217
79,3.2848,1.1717,0.5665,1.3870
80,3.2458,1.1517,0.5691,1.3231
81,3.1993,1.1238,0.5242,1.0986
82,3.1484,1.1089,0.6892,1.1042
83,3.0870,1.0806,0.6210,1.0586
84,3.0211,1.0527,0.5533,0.9151
85,2.9470,1.0331,0.5322,1.1025
86,2.8717,1.0226,0.4539,1.0088
87,2.8014,0.9904,0.5214,0.9464
88,2.7344,0.9820,0.6158,1.0267
89,2.6749,0.9516,0.5844,0.8336
90,2.6182,0.9268,0.4282,0.7694
91,2.5678,0.9062,0.4419,0.7635
92,2.5193,0.8891,0.4095,0.7118
93,2.4753,0.8746,0.6967,0.7886
94,2.4337,0.8556,0.4190,0.8138
95,2.3934,0.8314,0.5511,0.8374
96,2.3543,0.8203,0.3922,0.6011
97,2.3170,0.8113,0.4241,0.7166
98,2.2834,0.7973,0.3540,0.7355
99,2.2510,0.7988,0.4096,0.6175
100,2.2183,0.7843,0.4205,0.5830
101,2.1881,0.7533,0.4180,0.5084
102,2.1588,0.7281,0.4326,0.5881
103,2.1322,0.7274,0.4211,0.5428
104,2.1052,0.7281,0.3762,0.4925
105,2.0815,0.7072,0.4001,0.4549
106,2.0573,0.7071,0.3840,0.4989
107,2.0357,0.6874,0.3240,0.4934
108,2.0147,0.6755,0.3609,0.4397
109,1.9937,0.6632,0.3312,0.4315
110,1.9722,0.6468,0.3437,0.4147
111,1.9558,0.6355,0.3328,0.4182
112,1.9358,0.6266,0.3689,0.3962
113,1.9187,0.6219,0.3707,0.4150
114,1.8998,0.6367,0.4350,0.3977
115,1.8813,0.6308,0.3336,0.3603
116,1.8648,0.5895,0.2863,0.3510
117,1.8472,0.5790,0.4152,0.3488
118,1.8351,0.5821,0.2685,0.2735
119,1.8171,0.5602,0.2888,0.2959
120,1.8013,0.5510,0.3659,0.2671
121,1.7874,0.5951,0.3407,0.2990
122,1.7709,0.5562,0.2646,0.4457
123,1.7556,0.5860,0.2661,0.3537
124,1.7412,0.5917,0.2645,0.3362
125,1.7259,0.5362,0.2639,0.2453
126,1.7097,0.5515,0.2925,0.3440
127,1.6962,0.5095,0.3975,0.2468
128,1.6816,0.5133,0.2478,0.2529
129,1.6647,0.4907,0.2666,0.2368
130,1.6532,0.5361,0.2444,0.2185
131,1.6400,0.5031,0.3065,0.2672
132,1.6274,0.4915,0.3042,0.2437
133,1.6154,0.5318,0.2657,0.2329
134,1.6040,0.4949,0.2746,0.2387
135,1.5923,0.4956,0.2044,0.1909
136,1.5839,0.4952,0.2865,0.2758
137,1.5731,0.4915,0.2499,0.2386
138,1.5629,0.5257,0.2898,0.1867
139,1.5561,0.4447,0.2410,0.1987
140,1.5466,0.4639,0.2261,0.2053
141,1.5345,0.4614,0.1965,0.1978
142,1.5297,0.4591,0.2569,0.2374
143,1.5222,0.4683,0.2002,0.1688
144,1.5139,0.4382,0.2572,0.2085
145,1.5077,0.5719,0.2536,0.1653
146,1.5014,0.4386,0.2126,0.1526
147,1.4939,0.3945,0.2446,0.1500
148,1.4885,0.4214,0.2540,0.1942
149,1.4810,0.4294,0.2645,0.1782
150,1.4736,0.4189,0.2190,0.1471
151,1.4707,0.4449,0.2505,0.1467
152,1.4633,0.4606,0.2293,0.1494
153,1.4582,0.4068,0.1931,0.1548
154,1.4542,0.4801,0.2066,0.1774
155,1.4481,0.3809,0.2735,0.1551
156,1.4430,0.3607,0.2436,0.1416
157,1.4366,0.4006,0.2134,0.1251
158,1.4362,0.3962,0.1689,0.1283
159,1.4286,0.3736,0.1716,0.1320
160,1.4229,0.3559,0.1898,0.1542
161,1.4199,0.3809,0.1674,0.1352
162,1.4145,0.3481,0.1724,0.1421
163,1.4091,0.3657,0.1764,0.1643
164,1.4056,0.3549,0.2332,0.1243
165,1.4005,0.3336,0.1718,0.1279
166,1.4004,0.3487,0.1584,0.1384
167,1.3936,0.3112,0.2143,0.1392
168,1.3905,0.4055,0.1931,0.1375
169,1.3862,0.4172,0.1685,0.1199
170,1.3852,0.4250,0.1852,0.1670
171,1.3800,0.3295,0.1447,0.1128
172,1.3758,0.3157,0.1812,0.1002
173,1.3713,0.3828,0.1647,0.1132
174,1.3714,0.3194,0.1531,0.1341
175,1.3663,0.3109,0.1440,0.1229
176,1.3630,0.3473,0.1848,0.1259
177,1.3609,0.3378,0.1677,0.0996
178,1.3553,0.3309,0.1329,0.1153
179,1.3508,0.3353,0.1565,0.1053
180,1.3513,0.3079,0.1852,0.0953
181,1.3445,0.3422,0.1509,0.0952
182,1.3444,0.3036,0.1349,0.1098
183,1.3409,0.2912,0.2501,0.1138
184,1.3388,0.3747,0.1348,0.0983
185,1.3359,0.3622,0.1466,0.0919
186,1.3341,0.3049,0.1139,0.0991
187,1.3312,0.3013,0.1535,0.0911
188,1.3303,0.2618,0.1479,0.1333
189,1.3270,0.2854,0.1520,0.1017
190,1.3240,0.3750,0.2936,0.0898
191,1.3194,0.2947,0.1387,0.0941
192,1.3203,0.2885,0.1378,0.0899
193,1.3160,0.2755,0.1496,0.0856
194,1.3144,0.2857,0.1307,0.1262
195,1.3113,0.3186,0.1086,0.0873
196,1.3094,0.2637,0.1411,0.0826
197,1.3081,0.3294,0.1352,0.1105
198,1.3070,0.3075,0.1765,0.1108
199,1.3044,0.2668,0.1081,0.0773
200,1.3006,0.2669,0.1639,0.0831
201,1.2995,0.2517,0.1258,0.0778
202,1.2982,0.2577,0.1504,0.0735
203,1.2956,0.3097,0.1219,0.0816
204,1.2954,0.2714,0.1117,0.0878
205,1.2905,0.2798,0.1026,0.0797
206,1.2878,0.2324,0.1075,0.1060
207,1.2864,0.3542,0.1106,0.0903
208,1.2853,0.2475,0.1573,0.0739
209,1.2835,0.2596,0.1500,0.0859
210,1.2812,0.2568,0.1694,0.0825
211,1.2792,0.2389,0.1608,0.0981
212,1.2767,0.2511,0.1700,0.0990
213,1.2763,0.3165,0.1453,0.0687
214,1.2741,0.2714,0.1080,0.0846
215,1.2738,0.2178,0.1390,0.0658
216,1.2700,0.2251,0.0955,0.0695
217,1.2684,0.2316,0.1010,0.0699
218,1.2669,0.2306,0.1449,0.0740
219,1.2656,0.2211,0.1126,0.0696
220,1.2612,0.2183,0.1271,0.0952
221,1.2621,0.2634,0.2046,0.0683
222,1.2586,0.2300,0.0986,0.0653
223,1.2605,0.2481,0.0971,0.0713
224,1.2564,0.2353,0.1005,0.0622
225,1.2566,0.2744,0.1065,0.0657
226,1.2519,0.2740,0.0905,0.0693
227,1.2514,0.3118,0.0859,0.1050
228,1.2513,0.2290,0.1024,0.0623
229,1.2488,0.2436,0.0907,0.0616
230,1.2460,0.2887,0.1087,0.0554
231,1.2459,0.2453,0.1456,0.0647
232,1.2452,0.2641,0.1092,0.0644
233,1.2440,0.2652,0.0981,0.0630
234,1.2390,0.2024,0.1172,0.0622
235,1.2415,0.2188,0.0937,0.0602
236,1.2411,0.2131,0.0879,0.0615
237,1.2378,0.2108,0.0918,0.0639
238,1.2373,0.2035,0.0862,0.0603
239,1.2367,0.2630,0.0785,0.0623
240,1.2312,0.2220,0.1035,0.0727
241,1.2308,0.2237,0.0966,0.0980
242,1.2286,0.1865,0.1007,0.0775
243,1.2288,0.2049,0.0709,0.0573
244,1.2274,0.2366,0.1282,0.0742
245,1.2282,0.1997,0.0852,0.0559
246,1.2265,0.2468,0.0886,0.0499
247,1.2242,0.2308,0.1038,0.0546
248,1.2222,0.1944,0.0755,0.0513
249,1.2228,0.1870,0.1191,0.0510
250,1.2210,0.1996,0.0886,0.0558
251,1.2189,0.2154,0.0922,0.0506
252,1.2176,0.2056,0.0795,0.0522
253,1.2148,0.2013,0.0886,0.0511
254,1.2139,0.1869,0.0917,0.0555
255,1.2124,0.2222,0.0738,0.0497
256,1.2123,0.3008,0.0737,0.0547
257,1.2115,0.1700,0.0940,0.0538
258,1.2084,0.1765,0.1438,0.0520
259,1.2072,0.1926,0.0662,0.0494
260,1.2054,0.2299,0.0946,0.0497
261,1.2087,0.2028,0.0865,0.0571
262,1.2071,0.2340,0.1301,0.0468
263,1.2026,0.1912,0.0989,0.0522
264,1.2011,0.2118,0.0871,0.0737
265,1.2015,0.2063,0.0831,0.0495
266,1.1979,0.2015,0.0966,0.0685
267,1.1970,0.1938,0.0729,0.0537
268,1.1989,0.1964,0.1023,0.0455
269,1.1974,0.1709,0.0858,0.0502
270,1.1951,0.1871,0.0721,0.0793
271,1.1942,0.1721,0.0727,0.0443
272,1.1913,0.1792,0.0852,0.0441
273,1.1911,0.1945,0.0695,0.0457
274,1.1916,0.1948,0.0637,0.0471
275,1.1879,0.1930,0.0673,0.0454
276,1.1886,0.1695,0.0763,0.0537
277,1.1873,0.2004,0.0940,0.0402
278,1.1815,0.1832,0.0688,0.0482
279,1.1835,0.2044,0.0631,0.0516
280,1.1829,0.2065,0.0765,0.0578
281,1.1811,0.1647,0.0755,0.0473
282,1.1791,0.1786,0.0674,0.0428
283,1.1790,0.2266,0.0727,0.0418
284,1.1777,0.1755,0.0832,0.0450
285,1.1779,0.1516,0.0861,0.0546
286,1.1756,0.1830,0.0617,0.0405
287,1.1750,0.1906,0.0641,0.0407
288,1.1746,0.1716,0.0869,0.0651
289,1.1722,0.2128,0.0668,0.0409
290,1.1724,0.1875,0.0620,0.0442
291,1.1717,0.1762,0.0882,0.0575
292,1.1717,0.1961,0.0827,0.0428
293,1.1682,0.1712,0.0612,0.0395
294,1.1696,0.1947,0.0573,0.0480
295,1.1656,0.1523,0.0601,0.0474
296,1.1651,0.1662,0.0752,0.0380
297,1.1667,0.1965,0.0714,0.0412
298,1.1680,0.1792,0.0845,0.0403
299,1.1645,0.1769,0.0652,0.0425
300,1.1627,0.1933,0.0549,0.0521
301,1.1606,0.1883,0.0679,0.0525
302,1.1589,0.1419,0.0777,0.0368
303,1.1563,0.1915,0.0633,0.0468
304,1.1539,0.1579,0.0740,0.0382
305,1.1548,0.1716,0.0679,0.0466
306,1.1548,0.1538,0.0564,0.0386
307,1.1543,0.1547,0.0793,0.0354
308,1.1475,0.1968,0.0679,0.0492
309,1.1535,0.1600,0.0691,0.0393
310,1.1515,0.1978,0.0815,0.0366
311,1.1474,0.1703,0.1218,0.0439
312,1.1487,0.1473,0.0836,0.0405
313,1.1503,0.1571,0.0608,0.0344
314,1.1454,0.1472,0.0557,0.0424
315,1.1444,0.1827,0.0611,0.0364
316,1.1440,0.1963,0.0906,0.0387
317,1.1411,0.1790,0.0632,0.0430
318,1.1436,0.1572,0.0752,0.0407
319,1.1450,0.2035,0.0632,0.0370
320,1.1396,0.1594,0.0572,0.0542
321,1.1364,0.1605,0.0520,0.0319
322,1.1382,0.1863,0.0590,0.0393
323,1.1370,0.1387,0.0730,0.0345
324,1.1396,0.1843,0.0682,0.0798
325,1.1368,0.1484,0.0635,0.0330
326,1.1323,0.1525,0.0535,0.0371
327,1.1352,0.1480,0.0525,0.0317
328,1.1281,0.1587,0.0451,0.0342
329,1.1298,0.1416,0.0930,0.0316
330,1.1313,0.1579,0.0541,0.0356
331,1.1249,0.1330,0.0721,0.0367
332,1.1257,0.2137,0.0610,0.0407
333,1.1254,0.1500,0.0739,0.0390
334,1.1247,0.1701,0.0490,0.0369
335,1.1303,0.1855,0.0653,0.0321
336,1.1261,0.1367,0.0493,0.0422
337,1.1209,0.1737,0.0552,0.0333
338,1.1208,0.1500,0.0495,0.0383
339,1.1233,0.1438,0.0483,0.0298
340,1.1173,0.1500,0.0707,0.0340
341,1.1202,0.1560,0.0503,0.0326
342,1.1167,0.1701,0.0753,0.0431
343,1.1180,0.1458,0.1143,0.0335
344,1.1171,0.1260,0.0572,0.0347
345,1.1148,0.1349,0.0453,0.0299
346,1.1124,0.1597,0.0566,0.0311
347,1.1129,0.1582,0.0541,0.0343
348,1.1092,0.1911,0.0515,0.0373
349,1.1121,0.1706,0.0648,0.0344
350,1.1095,0.1489,0.0519,0.0414
351,1.1151,0.1195,0.0561,0.0296
352,1.1028,0.1436,0.0723,0.0516
353,1.1049,0.1619,0.0483,0.0366
354,1.1019,0.1702,0.0533,0.0279
355,1.1097,0.1468,0.0458,0.0339
356,1.1068,0.1587,0.0665,0.0323
357,1.0997,0.1401,0.0646,0.0354
358,1.1049,0.1616,0.0550,0.0758
359,1.1066,0.1328,0.0531,0.0320
360,1.0978,0.1289,0.0478,0.0312
361,1.0974,0.1413,0.0848,0.0355
362,1.1019,0.1419,0.0512,0.0305
363,1.0949,0.1225,0.0743,0.0312
364,1.0924,0.1506,0.0705,0.0279
365,1.0942,0.1328,0.0551,0.0290
366,1.0917,0.1274,0.0478,0.0312
367,1.0939,0.1502,0.1726,0.0306
368,1.0956,0.1223,0.0493,0.0305
369,1.0910,0.1276,0.0467,0.0277
370,1.0905,0.1455,0.0520,0.0299
371,1.0894,0.1735,0.0499,0.0300
372,1.0790,0.1221,0.0511,0.0295
373,1.0819,0.1299,0.0477,0.0275
374,1.0794,0.1364,0.0592,0.0328
375,1.0831,0.1152,0.0534,0.0288
376,1.0818,0.1222,0.0491,0.0271
377,1.0841,0.1819,0.0507,0.0320
378,1.0747,0.1169,0.0507,0.0278
379,1.0713,0.1165,0.0724,0.0298
380,1.0776,0.1202,0.0413,0.0445
381,1.0703,0.1329,0.0405,0.0290
382,1.0657,0.1069,0.0520,0.0336
383,1.0659,0.1222,0.0431,0.0462
384,1.0680,0.1246,0.0411,0.0254
385,1.0630,0.1199,0.0655,0.0253
386,1.0651,0.1359,0.0520,0.0276
387,1.0626,0.1745,0.0434,0.0278
388,1.0589,0.1640,0.0783,0.0328
389,1.0578,0.1174,0.0552,0.0315
390,1.0566,0.1565,0.0450,0.0286
391,1.0651,0.1568,0.0417,0.0306
392,1.0503,0.1497,0.0476,0.0379
393,1.0517,0.1322,0.0391,0.0339
394,1.0507,0.1269,0.0419,0.0384
395,1.0468,0.1137,0.0376,0.0329
396,1.0449,0.1302,0.0724,0.0293
397,1.0412,0.1137,0.0521,0.0297
398,1.0332,0.1349,0.0544,0.0258
399,1.0414,0.1123,0.0565,0.0333
400,1.0324,0.1394,0.0532,0.0326
401,1.0274,0.1064,0.0370,0.0276
402,1.0248,0.1427,0.0433,0.0250
403,1.0253,0.1645,0.0435,0.0295
404,1.0125,0.1285,0.0433,0.0340
405,1.0170,0.1344,0.0504,0.0267
406,1.0081,0.1134,0.0428,0.0322
407,1.0056,0.1285,0.0476,0.0305
408,1.0146,0.1094,0.0482,0.0361
409,0.9997,0.2043,0.0530,0.0251
410,0.9965,0.1245,0.0409,0.0289
411,0.9851,0.1339,0.0444,0.0389
412,0.9798,0.1062,0.0531,0.0313
413,0.9704,0.1190,0.0491,0.0240
414,0.9659,0.1160,0.0423,0.0259
415,0.9605,0.1074,0.0529,0.0273
416,0.9689,0.1071,0.0553,0.0237
417,0.9529,0.1098,0.0460,0.0257
418,0.9566,0.1128,0.0673,0.0299
419,0.9492,0.1117,0.0601,0.0304
420,0.9478,0.1040,0.0529,0.0241
421,0.9459,0.1187,0.0469,0.0398
422,0.9517,0.1049,0.0604,0.0275
423,0.9441,0.1012,0.0477,0.0258
424,0.9207,0.1261,0.0412,0.0269
425,0.9265,0.1263,0.0351,0.0273
426,0.9259,0.1069,0.0493,0.0257
427,0.9023,0.1187,0.0429,0.0249
428,0.9119,0.1062,0.0445,0.0253
429,0.9175,0.1058,0.0843,0.0238
430,0.8993,0.1293,0.0401,0.0273
431,0.9044,0.1052,0.0376,0.0254
432,0.9086,0.1219,0.0325,0.0280
433,0.9016,0.1272,0.0494,0.0260
434,0.8933,0.1110,0.0417,0.0221
435,0.8858,0.1129,0.0455,0.0239
436,0.9075,0.1219,0.0579,0.0293
437,0.9159,0.1261,0.0424,0.0233
438,0.8830,0.1307,0.0465,0.0233
439,0.8801,0.1231,0.0389,0.0226
440,0.8675,0.1215,0.0320,0.0228
441,0.8946,0.1306,0.0403,0.0247
442,0.8586,0.0981,0.0537,0.0287
443,0.8539,0.1337,0.0591,0.0292
444,0.8527,0.1063,0.0456,0.0329
445,0.8667,0.1054,0.0412,0.0250
446,0.8585,0.1108,0.0387,0.0292
447,0.8693,0.1046,0.0370,0.0246
448,0.8477,0.0957,0.0581,0.0242
449,0.8426,0.0937,0.0922,0.0412
450,0.8412,0.1151,0.0405,0.0298
451,0.8083,0.1104,0.0389,0.0212
452,0.8340,0.1155,0.0409,0.0249
453,0.8580,0.0964,0.0583,0.0227
454,0.7944,0.1249,0.0361,0.0246
455,0.8370,0.1015,0.0345,0.0258
456,0.8179,0.1262,0.0692,0.0241
457,0.8173,0.1274,0.0524,0.0242
458,0.8227,0.1076,0.0447,0.0223
459,0.7956,0.0963,0.0370,0.0251
460,0.8298,0.1178,0.0327,0.0271
461,0.8402,0.1016,0.0400,0.0217
462,0.8027,0.1071,0.0495,0.0255
463,0.7884,0.0906,0.0514,0.0243
464,0.8044,0.1063,0.0348,0.0240
465,0.7909,0.0955,0.0878,0.0482
466,0.8115,0.0873,0.0471,0.0232
467,0.8320,0.0895,0.0384,0.0236
468,0.7893,0.1535,0.0361,0.0230
469,0.7818,0.0910,0.0391,0.0247
470,0.8170,0.1008,0.0445,0.0251
471,0.7885,0.0926,0.0364,0.0201
472,0.7804,0.1103,0.0402,0.0242
473,0.8139,0.0884,0.0347,0.0227
474,0.7560,0.0861,0.0348,0.0237
475,0.7947,0.1010,0.0417,0.0210
476,0.7507,0.1288,0.0315,0.0324
477,0.8284,0.1030,0.0322,0.0245
478,0.7679,0.1002,0.0461,0.0218
479,0.8067,0.0901,0.0432,0.0233
480,0.7867,0.0996,0.0398,0.0234
481,0.7970,0.0868,0.0417,0.0207
482,0.7755,0.0939,0.0457,0.0213
483,0.7885,0.0980,0.0441,0.0437
484,0.8082,0.1060,0.0420,0.0217
485,0.7727,0.1090,0.0451,0.0211
486,0.7724,0.0943,0.0461,0.0242
487,0.7441,0.0884,0.0408,0.0218
488,0.7827,0.0925,0.0337,0.0223
489,0.7691,0.0808,0.0666,0.0257
490,0.7830,0.0804,0.1053,0.0263
491,0.8536,0.1759,0.0349,0.0217
492,0.7311,0.0885,0.0415,0.0205
493,0.7361,0.0873,0.0437,0.0222
494,0.7991,0.0952,0.0388,0.0217
495,0.7832,0.0840,0.0314,0.0219
496,0.7569,0.0923,0.0379,0.0381
497,0.7722,0.0862,0.0305,0.0202
498,0.8099,0.1053,0.0377,0.0228
499,0.7512,0.0942,0.0328,0.0217
500,0.7336,0.1041,0.0383,0.0198
