Epoch,2x64x32x1,2x64x32x16x1,2x64x32x16x8x1,2x64x32x16x8x4x1
1,8.1330,8.2818,8.1980,8.2957
2,7.9054,8.1469,8.1359,8.2846
3,7.7181,8.0425,8.0736,8.2758
4,7.5130,7.9447,8.0093,8.2676
5,7.2753,7.8346,7.9377,8.2600
6,7.0059,7.6949,7.8500,8.2528
7,6.7154,7.5135,7.7321,8.2457
8,6.4188,7.2779,7.5617,8.2386
9,6.1235,6.9771,7.3152,8.2313
10,5.8424,6.6134,6.9825,8.2236
11,5.5806,6.2164,6.5842,8.2150
12,5.3411,5.8192,6.1697,8.2058
13,5.1236,5.4554,5.7712,8.1956
14,4.9309,5.1293,5.3942,8.1845
15,4.7504,4.8278,5.0381,8.1721
16,4.5837,4.5308,4.6628,8.1586
17,4.4245,4.2237,4.2682,8.1438
18,4.2727,3.8897,3.8838,8.1277
19,4.1215,3.5551,3.5555,8.1101
20,3.9663,3.2515,3.3015,8.0915
21,3.8079,2.9874,3.1147,8.0721
22,3.6577,2.7579,2.9701,8.0519
23,3.4956,2.5533,2.8264,8.0308
24,3.3356,2.3750,2.6709,8.0094
25,3.1798,2.2218,2.5078,7.9866
26,3.0260,2.0797,2.3397,7.9619
27,2.8775,1.9558,2.1904,7.9341
28,2.7322,1.8485,2.0416,7.9008
29,2.5944,1.7572,1.8782,7.8580
30,2.4582,1.6659,1.7492,7.7980
31,2.3287,1.5823,1.5946,7.7102
32,2.2060,1.5151,1.4889,7.5784
33,2.0905,1.4485,1.3970,7.3814
34,1.9819,1.3852,1.3190,7.0979
35,1.8780,1.3161,1.2601,6.7237
36,1.7894,1.2570,1.1652,6.3066
37,1.7066,1.2087,1.1117,5.8922
38,1.6290,1.1592,1.0878,5.5089
39,1.5608,1.1050,1.0157,5.1456
40,1.4945,1.0640,0.9565,4.7855
41,1.4329,1.0184,1.0110,4.4048
42,1.3808,0.9694,0.8499,3.9699
43,1.3332,0.9416,0.8992,3.5522
44,1.2883,0.8946,0.8246,3.2367
45,1.2472,0.8682,0.8604,3.0555
46,1.2063,0.8394,0.8537,2.9608
47,1.1733,0.8051,0.7464,2.9078
48,1.1423,0.7838,0.8012,2.8734
49,1.1100,0.7480,0.7647,2.8468
50,1.0813,0.7232,0.7666,2.8203
51,1.0541,0.6992,0.7059,2.7916
52,1.0322,0.6790,0.6063,2.7617
53,1.0067,0.6467,0.6593,2.7187
54,0.9839,0.6341,0.7618,2.6508
55,0.9638,0.6286,0.6131,2.5402
56,0.9424,0.5920,0.5978,2.4082
57,0.9203,0.5843,0.6774,2.2730
58,0.9006,0.5708,0.6344,2.0960
59,0.8784,0.5504,0.6504,1.9555
60,0.8619,0.5240,0.5871,1.8062
61,0.8503,0.5133,0.5528,1.5673
62,0.8279,0.5155,0.4694,1.5007
63,0.8131,0.5046,0.5574,1.3298
64,0.7941,0.4789,0.6793,1.4942
65,0.7777,0.4774,0.5412,1.3009
66,0.7647,0.4709,0.4656,1.4196
67,0.7526,0.4682,0.4324,1.2180
68,0.7376,0.4527,0.5038,1.1226
69,0.7240,0.4366,0.4806,1.0088
70,0.7072,0.4387,0.4545,1.0445
71,0.6951,0.4424,0.5064,1.0700
72,0.6791,0.4261,0.4705,0.8982
73,0.6689,0.4116,0.4101,0.9289
74,0.6599,0.4040,0.3660,0.8309
75,0.6475,0.4099,0.4443,0.9159
76,0.6388,0.3904,0.4034,0.6984
77,0.6258,0.3903,0.3797,0.7513
78,0.6129,0.3724,0.4306,0.7927
79,0.6042,0.3688,0.4598,0.6427
80,0.5929,0.3897,0.3419,0.5769
81,0.5833,0.3527,0.3498,0.6065
82,0.5746,0.4091,0.3614,0.6658
83,0.5610,0.3292,0.3834,0.5806
84,0.5549,0.3596,0.3747,0.4737
85,0.5472,0.3764,0.4444,0.5231
86,0.5364,0.3297,0.2972,0.4755
87,0.5253,0.3306,0.3299,0.4912
88,0.5187,0.3435,0.2910,0.4831
89,0.5135,0.3526,0.3403,0.4492
90,0.5016,0.3604,0.4145,0.4429
91,0.4941,0.3359,0.2988,0.4088
92,0.4898,0.3233,0.2608,0.3963
93,0.4825,0.4286,0.2577,0.3603
94,0.4739,0.3995,0.2678,0.3663
95,0.4664,0.3186,0.3177,0.3406
96,0.4600,0.3518,0.2697,0.3901
97,0.4519,0.3443,0.3143,0.3301
98,0.4482,0.3080,0.2794,0.2740
99,0.4401,0.2698,0.3209,0.2838
100,0.4341,0.3365,0.2321,0.3003
101,0.4266,0.3152,0.2448,0.2736
102,0.4204,0.3103,0.2088,0.2548
103,0.4147,0.3014,0.2568,0.3439
104,0.4092,0.3520,0.2443,0.2788
105,0.4045,0.3632,0.2826,0.2549
106,0.3978,0.3080,0.1884,0.3034
107,0.3921,0.3218,0.2122,0.2444
108,0.3897,0.3327,0.2552,0.2387
109,0.3827,0.2946,0.2409,0.2243
110,0.3800,0.2831,0.2058,0.2112
111,0.3749,0.3027,0.2145,0.2099
112,0.3687,0.2625,0.2495,0.2092
113,0.3610,0.3004,0.1959,0.2185
114,0.3581,0.2841,0.1993,0.2077
115,0.3568,0.3168,0.1981,0.2793
116,0.3522,0.3850,0.1975,0.2018
117,0.3453,0.3032,0.2396,0.2171
118,0.3406,0.2727,0.1630,0.1961
119,0.3394,0.3216,0.1623,0.1906
120,0.3346,0.3368,0.1872,0.1902
121,0.3310,0.2963,0.2005,0.3254
122,0.3280,0.2383,0.1800,0.1572
123,0.3223,0.2743,0.1501,0.1568
124,0.3183,0.2341,0.1847,0.1727
125,0.3132,0.2449,0.1561,0.1658
126,0.3100,0.2604,0.1673,0.1328
127,0.3081,0.2298,0.1513,0.2493
128,0.3039,0.2702,0.1485,0.2282
129,0.2990,0.2098,0.1625,0.1573
130,0.2988,0.2189,0.1567,0.1416
131,0.2923,0.2323,0.1533,0.1454
132,0.2887,0.2125,0.1615,0.2063
133,0.2852,0.3034,0.1993,0.1235
134,0.2839,0.2193,0.1290,0.1423
135,0.2821,0.2866,0.1609,0.1496
136,0.2778,0.3239,0.1894,0.2126
137,0.2739,0.2600,0.1444,0.1465
138,0.2701,0.2325,0.1304,0.1245
139,0.2712,0.2065,0.1398,0.1337
140,0.2656,0.2415,0.1633,0.1345
141,0.2641,0.1925,0.1511,0.1116
142,0.2602,0.2920,0.1188,0.1249
143,0.2590,0.2204,0.1092,0.1319
144,0.2561,0.2156,0.1649,0.2260
145,0.2547,0.2255,0.1052,0.1305
146,0.2484,0.1872,0.1407,0.2155
147,0.2482,0.1687,0.1252,0.1062
148,0.2428,0.2132,0.1399,0.0944
149,0.2398,0.2273,0.1182,0.1225
150,0.2389,0.2159,0.1333,0.0987
151,0.2384,0.1699,0.1045,0.1095
152,0.2325,0.2005,0.0984,0.1178
153,0.2321,0.2068,0.1243,0.0883
154,0.2284,0.2442,0.1077,0.1394
155,0.2284,0.2125,0.0944,0.0923
156,0.2274,0.1875,0.0922,0.1144
157,0.2226,0.1584,0.1113,0.1270
158,0.2211,0.2498,0.1267,0.1005
159,0.2185,0.2167,0.1231,0.0893
160,0.2151,0.1729,0.1394,0.0939
161,0.2140,0.1727,0.1032,0.0952
162,0.2111,0.2341,0.0959,0.0864
163,0.2098,0.1644,0.0916,0.0898
164,0.2033,0.1704,0.1073,0.1052
165,0.2047,0.2181,0.1007,0.0822
166,0.2050,0.1670,0.0940,0.0921
167,0.2017,0.1738,0.1489,0.1235
168,0.1985,0.1654,0.1180,0.1025
169,0.1948,0.1516,0.0743,0.1048
170,0.1988,0.1593,0.0776,0.0819
171,0.1925,0.1428,0.1081,0.1042
172,0.1927,0.1338,0.0914,0.1041
173,0.1883,0.1657,0.0838,0.0872
174,0.1870,0.1747,0.0728,0.1077
175,0.1870,0.1302,0.0863,0.0860
176,0.1847,0.1597,0.0860,0.0864
177,0.1810,0.1349,0.0880,0.1211
178,0.1790,0.2388,0.1282,0.0756
179,0.1782,0.1389,0.0927,0.0721
180,0.1771,0.1366,0.0835,0.0826
181,0.1780,0.1552,0.0934,0.0711
182,0.1744,0.1539,0.0700,0.0678
183,0.1719,0.2037,0.0943,0.1080
184,0.1713,0.1184,0.1926,0.0671
185,0.1694,0.1743,0.0755,0.0728
186,0.1664,0.1758,0.0921,0.0752
187,0.1681,0.1374,0.0756,0.0769
188,0.1635,0.1495,0.0709,0.0877
189,0.1621,0.1380,0.0681,0.0889
190,0.1603,0.1836,0.0832,0.0602
191,0.1615,0.1441,0.0718,0.0617
192,0.1584,0.1163,0.0669,0.0909
193,0.1583,0.1365,0.0635,0.0613
194,0.1562,0.1168,0.0630,0.0689
195,0.1555,0.1216,0.0807,0.0625
196,0.1533,0.1132,0.0978,0.0783
197,0.1529,0.1343,0.0669,0.0849
198,0.1511,0.0988,0.0613,0.1016
199,0.1480,0.1330,0.0639,0.1377
200,0.1473,0.1322,0.0722,0.0650
201,0.1462,0.1808,0.0711,0.0667
202,0.1453,0.1306,0.0712,0.0606
203,0.1441,0.1424,0.0680,0.0553
204,0.1422,0.1465,0.0785,0.0572
205,0.1429,0.1121,0.0697,0.0927
206,0.1405,0.1226,0.0642,0.0599
207,0.1369,0.0936,0.0653,0.0726
208,0.1363,0.1311,0.0865,0.0659
209,0.1361,0.1182,0.0644,0.0549
210,0.1352,0.1076,0.0741,0.0604
211,0.1339,0.1125,0.0604,0.0738
212,0.1326,0.0894,0.0583,0.0702
213,0.1303,0.1456,0.0553,0.0566
214,0.1313,0.0955,0.0971,0.0510
215,0.1278,0.1362,0.0584,0.0525
216,0.1285,0.0984,0.0608,0.0555
217,0.1255,0.1129,0.0756,0.0573
218,0.1256,0.1023,0.0619,0.0504
219,0.1239,0.1245,0.0550,0.0536
220,0.1241,0.1671,0.0668,0.0838
221,0.1233,0.0932,0.0757,0.0506
222,0.1235,0.1081,0.0569,0.0503
223,0.1199,0.1026,0.0658,0.0507
224,0.1186,0.1409,0.0636,0.0660
225,0.1186,0.0944,0.0579,0.0581
226,0.1188,0.1209,0.1081,0.0598
227,0.1162,0.0849,0.1043,0.0881
228,0.1153,0.0970,0.0890,0.0786
229,0.1147,0.0827,0.0709,0.0440
230,0.1124,0.1128,0.0650,0.0654
231,0.1130,0.1272,0.0524,0.0479
232,0.1139,0.0957,0.0609,0.0561
233,0.1106,0.0921,0.0659,0.0489
234,0.1116,0.0857,0.0485,0.0507
235,0.1091,0.0932,0.0545,0.0506
236,0.1090,0.1046,0.0613,0.0422
237,0.1080,0.0834,0.0557,0.0632
238,0.1061,0.0987,0.0605,0.0521
239,0.1062,0.1251,0.0508,0.0489
240,0.1065,0.0878,0.0665,0.0454
241,0.1043,0.0800,0.0513,0.0795
242,0.1022,0.0713,0.0447,0.0511
243,0.1010,0.1094,0.0517,0.0461
244,0.1000,0.1268,0.0616,0.0579
245,0.1013,0.0926,0.0463,0.0546
246,0.0991,0.0831,0.0525,0.0588
247,0.0999,0.0740,0.0481,0.0468
248,0.1013,0.1553,0.0713,0.0373
249,0.0989,0.0752,0.0487,0.0496
250,0.0960,0.0793,0.0567,0.0569
251,0.0953,0.0841,0.0472,0.0473
252,0.0961,0.0646,0.0581,0.0485
253,0.0961,0.0846,0.0615,0.0442
254,0.0946,0.0936,0.0520,0.0461
255,0.0944,0.1119,0.0491,0.0431
256,0.0924,0.1122,0.0571,0.0472
257,0.0927,0.0687,0.0523,0.0484
258,0.0920,0.0692,0.0455,0.0461
259,0.0911,0.0957,0.0487,0.0452
260,0.0899,0.0694,0.0656,0.0469
261,0.0897,0.0673,0.0558,0.0504
262,0.0882,0.0750,0.0782,0.0408
263,0.0880,0.0796,0.0498,0.0416
264,0.0869,0.0800,0.0467,0.0486
265,0.0863,0.0839,0.0477,0.0456
266,0.0857,0.0886,0.0430,0.0532
267,0.0855,0.0980,0.0463,0.0438
268,0.0854,0.0614,0.0508,0.0361
269,0.0844,0.0633,0.0418,0.0443
270,0.0852,0.0668,0.0433,0.0445
271,0.0836,0.0781,0.0439,0.0593
272,0.0824,0.0670,0.0393,0.0491
273,0.0817,0.0687,0.0445,0.0863
274,0.0802,0.0795,0.0477,0.0738
275,0.0811,0.0607,0.0445,0.0391
276,0.0805,0.0639,0.0430,0.0367
277,0.0794,0.0749,0.0555,0.0377
278,0.0787,0.0612,0.0475,0.0327
279,0.0779,0.0631,0.0403,0.0366
280,0.0771,0.1054,0.0575,0.0476
281,0.0773,0.0755,0.0448,0.0398
282,0.0774,0.0603,0.0496,0.0372
283,0.0756,0.0814,0.0476,0.1005
284,0.0746,0.0592,0.0435,0.0452
285,0.0758,0.0693,0.0420,0.0433
286,0.0738,0.1076,0.0594,0.0423
287,0.0737,0.0638,0.0406,0.0545
288,0.0739,0.0590,0.0472,0.0486
289,0.0726,0.0583,0.0602,0.0330
290,0.0722,0.0590,0.0397,0.0357
291,0.0722,0.0771,0.0465,0.0337
292,0.0709,0.0896,0.0388,0.0313
293,0.0719,0.0776,0.0397,0.0344
294,0.0700,0.0543,0.0568,0.0402
295,0.0694,0.0550,0.0388,0.0357
296,0.0700,0.0522,0.0419,0.0479
297,0.0697,0.0605,0.0434,0.0324
298,0.0686,0.0534,0.0514,0.1001
299,0.0683,0.0624,0.0402,0.0309
300,0.0688,0.0472,0.0459,0.0288
301,0.0679,0.0579,0.0408,0.0450
302,0.0689,0.0755,0.0426,0.0368
303,0.0665,0.0539,0.0361,0.0355
304,0.0656,0.0628,0.0389,0.0356
305,0.0654,0.0760,0.0380,0.0367
306,0.0647,0.0516,0.0381,0.0319
307,0.0647,0.0603,0.0403,0.0396
308,0.0652,0.0451,0.0570,0.0313
309,0.0636,0.0499,0.0381,0.0319
310,0.0636,0.0704,0.0467,0.0358
311,0.0643,0.0540,0.0423,0.0361
312,0.0632,0.0612,0.0371,0.0315
313,0.0625,0.0572,0.0438,0.0329
314,0.0614,0.0693,0.0394,0.0322
315,0.0616,0.0912,0.0424,0.0576
316,0.0609,0.0479,0.0355,0.0627
317,0.0618,0.0483,0.0364,0.0334
318,0.0600,0.0569,0.0411,0.0375
319,0.0605,0.0842,0.0365,0.0419
320,0.0621,0.0588,0.0334,0.0357
321,0.0593,0.0615,0.0356,0.0334
322,0.0603,0.0502,0.0561,0.0344
323,0.0573,0.0521,0.0452,0.0301
324,0.0582,0.0606,0.0493,0.0350
325,0.0569,0.0474,0.0378,0.0339
326,0.0573,0.0500,0.0394,0.0337
327,0.0576,0.0448,0.0360,0.0320
328,0.0566,0.0657,0.0359,0.0334
329,0.0565,0.0647,0.0413,0.0445
330,0.0572,0.0517,0.0328,0.0314
331,0.0560,0.0580,0.0334,0.0281
332,0.0556,0.0628,0.0405,0.0346
333,0.0559,0.0424,0.0388,0.0569
334,0.0548,0.0530,0.0422,0.0377
335,0.0552,0.0447,0.0472,0.0294
336,0.0555,0.0442,0.0309,0.0269
337,0.0533,0.0470,0.0361,0.0283
338,0.0537,0.0506,0.0406,0.0285
339,0.0542,0.0630,0.0435,0.0276
340,0.0528,0.0419,0.0338,0.0370
341,0.0538,0.0420,0.0332,0.0335
342,0.0523,0.0415,0.0401,0.0332
343,0.0532,0.0495,0.0465,0.0303
344,0.0530,0.0358,0.0393,0.0270
345,0.0518,0.0489,0.0327,0.0425
346,0.0518,0.0383,0.0331,0.0262
347,0.0519,0.0388,0.0434,0.0310
348,0.0516,0.0408,0.0458,0.0379
349,0.0508,0.0442,0.0309,0.0299
350,0.0508,0.0386,0.0370,0.0320
351,0.0501,0.0456,0.0404,0.0306
352,0.0499,0.0621,0.0323,0.0367
353,0.0509,0.0414,0.0297,0.0314
354,0.0508,0.0448,0.0291,0.0394
355,0.0494,0.0877,0.0345,0.0276
356,0.0495,0.0755,0.0299,0.0456
357,0.0483,0.0516,0.0380,0.0319
358,0.0477,0.0483,0.0425,0.0771
359,0.0484,0.0369,0.0361,0.0274
360,0.0470,0.0628,0.0301,0.0262
361,0.0480,0.0437,0.0276,0.0293
362,0.0471,0.0411,0.0305,0.0287
363,0.0476,0.0502,0.0403,0.0243
364,0.0470,0.0459,0.0273,0.0237
365,0.0475,0.0438,0.0422,0.0239
366,0.0465,0.0400,0.0283,0.0253
367,0.0462,0.0453,0.0276,0.0454
368,0.0472,0.0456,0.0427,0.0374
369,0.0462,0.0449,0.0321,0.0263
370,0.0462,0.0668,0.0357,0.0238
371,0.0462,0.0450,0.0348,0.0312
372,0.0441,0.0449,0.0276,0.0261
373,0.0460,0.0401,0.0313,0.0569
374,0.0452,0.0397,0.0294,0.0285
375,0.0436,0.0419,0.0304,0.0404
376,0.0446,0.0420,0.0310,0.0258
377,0.0449,0.0371,0.0335,0.0242
378,0.0443,0.0340,0.0325,0.0296
379,0.0437,0.0421,0.0264,0.0268
380,0.0427,0.0412,0.0417,0.0242
381,0.0432,0.0444,0.0884,0.0326
382,0.0430,0.0360,0.0340,0.0259
383,0.0431,0.0409,0.0287,0.0253
384,0.0424,0.0414,0.0325,0.0292
385,0.0416,0.0366,0.0302,0.0235
386,0.0441,0.0336,0.0262,0.0294
387,0.0423,0.0408,0.0338,0.0257
388,0.0421,0.0408,0.0391,0.0260
389,0.0424,0.0457,0.0279,0.0331
390,0.0413,0.0348,0.0289,0.0280
391,0.0409,0.0372,0.0284,0.0231
392,0.0407,0.0373,0.0304,0.0238
393,0.0414,0.0381,0.0285,0.0276
394,0.0408,0.0394,0.0336,0.0298
395,0.0412,0.0453,0.0289,0.0238
396,0.0411,0.0387,0.0253,0.0238
397,0.0399,0.0404,0.0274,0.0240
398,0.0402,0.0386,0.0327,0.0299
399,0.0401,0.0375,0.0267,0.0738
400,0.0395,0.0377,0.0348,0.0320
401,0.0403,0.0487,0.0594,0.0270
402,0.0400,0.0587,0.0299,0.0261
403,0.0389,0.0412,0.0290,0.0224
404,0.0385,0.0311,0.0440,0.0231
405,0.0401,0.0374,0.0232,0.0300
406,0.0383,0.0472,0.0300,0.0230
407,0.0391,0.0435,0.0258,0.0272
408,0.0382,0.0384,0.0272,0.0310
409,0.0387,0.0387,0.0288,0.0232
410,0.0384,0.0340,0.0255,0.0266
411,0.0369,0.0329,0.0258,0.0234
412,0.0365,0.0341,0.0281,0.0338
413,0.0367,0.0377,0.0246,0.0289
414,0.0369,0.0307,0.0312,0.0244
415,0.0370,0.0423,0.0276,0.0243
416,0.0366,0.0321,0.0255,0.0330
417,0.0367,0.0356,0.0291,0.0220
418,0.0364,0.0376,0.0272,0.0214
419,0.0357,0.0343,0.0223,0.0244
420,0.0361,0.0373,0.0256,0.0301
421,0.0357,0.0355,0.0263,0.0290
422,0.0357,0.0361,0.0266,0.0278
423,0.0359,0.0320,0.0254,0.0224
424,0.0353,0.0365,0.0269,0.0219
425,0.0363,0.0476,0.0261,0.0243
426,0.0354,0.0330,0.0363,0.0274
427,0.0352,0.0454,0.0234,0.0232
428,0.0346,0.0257,0.0270,0.0272
429,0.0348,0.0328,0.0307,0.0211
430,0.0345,0.0258,0.0265,0.0299
431,0.0347,0.0320,0.0274,0.0287
432,0.0346,0.0296,0.0233,0.0209
433,0.0333,0.0345,0.0314,0.0267
434,0.0341,0.0327,0.0219,0.0228
435,0.0354,0.0383,0.0250,0.0226
436,0.0339,0.0362,0.0264,0.0231
437,0.0333,0.0317,0.0341,0.0253
438,0.0330,0.0332,0.0286,0.0242
439,0.0335,0.0318,0.0266,0.0223
440,0.0337,0.0287,0.0269,0.0258
441,0.0324,0.0294,0.0310,0.0278
442,0.0331,0.0290,0.0255,0.0239
443,0.0325,0.0295,0.0242,0.0262
444,0.0325,0.0284,0.0205,0.0252
445,0.0325,0.0369,0.0214,0.0261
446,0.0323,0.0404,0.0214,0.0206
447,0.0327,0.0294,0.0276,0.0220
448,0.0317,0.0319,0.0239,0.0477
449,0.0320,0.0318,0.0287,0.0266
450,0.0324,0.0322,0.0275,0.0250
451,0.0316,0.0343,0.0218,0.0218
452,0.0315,0.0436,0.0280,0.0224
453,0.0317,0.0293,0.0408,0.0211
454,0.0303,0.0322,0.0380,0.0323
455,0.0308,0.0284,0.0243,0.0238
456,0.0302,0.0269,0.0266,0.0209
457,0.0310,0.0326,0.0238,0.0212
458,0.0299,0.0445,0.0216,0.0249
459,0.0308,0.0392,0.0241,0.0300
460,0.0301,0.0356,0.0229,0.0210
461,0.0301,0.0297,0.0231,0.0281
462,0.0299,0.0299,0.0317,0.0258
463,0.0303,0.0341,0.0225,0.0286
464,0.0296,0.0278,0.0238,0.0434
465,0.0306,0.0254,0.0267,0.0250
466,0.0298,0.0307,0.0209,0.0204
467,0.0291,0.0274,0.0221,0.0197
468,0.0295,0.0284,0.0215,0.0226
469,0.0296,0.0314,0.0212,0.0243
470,0.0295,0.0301,0.0235,0.0196
471,0.0294,0.0390,0.0201,0.0222
472,0.0290,0.0257,0.0228,0.0218
473,0.0290,0.0606,0.0222,0.0206
474,0.0284,0.0288,0.0193,0.0202
475,0.0287,0.0263,0.0202,0.0213
476,0.0290,0.0321,0.0239,0.0256
477,0.0283,0.0391,0.0249,0.0223
478,0.0279,0.0260,0.0222,0.0322
479,0.0278,0.0382,0.0217,0.0210
480,0.0286,0.0335,0.0227,0.0323
481,0.0282,0.0250,0.0218,0.0216
482,0.0283,0.0252,0.0233,0.0194
483,0.0273,0.0379,0.0252,0.0192
484,0.0274,0.0285,0.0215,0.0259
485,0.0279,0.0273,0.0212,0.0222
486,0.0273,0.0340,0.0223,0.0259
487,0.0271,0.0295,0.0271,0.0234
488,0.0269,0.0259,0.0217,0.0286
489,0.0272,0.0262,0.0264,0.0262
490,0.0267,0.0289,0.0230,0.0222
491,0.0275,0.0313,0.0216,0.0293
492,0.0271,0.0296,0.0224,0.0467
493,0.0271,0.0291,0.0198,0.0258
494,0.0261,0.0320,0.0234,0.0244
495,0.0260,0.0294,0.0202,0.0192
496,0.0259,0.0287,0.0191,0.0236
497,0.0263,0.0257,0.0251,0.0276
498,0.0266,0.0367,0.0234,0.0325
499,0.0256,0.0228,0.0236,0.0194
500,0.0260,0.0259,0.0269,0.0199
