Epoch,0.0001,0.0005,0.001,0.005,0.01,0.05
1,8.6695,0.7344,4.5819,6.5890,2.3729,8.5615
2,8.6374,0.7296,1.9506,1.7524,0.9951,5.4910
3,8.6070,0.7257,1.0877,1.0744,0.6350,5.1762
4,8.5781,0.7303,1.1117,1.0113,0.7877,4.9427
5,8.5506,0.7249,0.9112,0.8898,0.5749,4.7659
6,8.5244,0.7249,0.9756,0.7501,0.5779,4.6198
7,8.4995,0.7243,1.1523,0.7742,0.4017,4.5756
8,8.4758,0.7229,0.6511,0.7747,0.4298,4.5109
9,8.4531,0.7206,0.9060,0.7978,0.2626,4.3372
10,8.4315,0.7188,0.7836,0.5719,0.5375,4.1034
11,8.4107,0.7186,0.6377,0.6571,0.3293,4.0088
12,8.3909,0.7168,0.5286,0.5353,0.2798,3.9560
13,8.3719,0.7158,0.4608,0.5438,0.4850,3.8316
14,8.3537,0.7132,0.6434,0.6010,0.3870,3.8556
15,8.3362,0.7141,0.4783,0.6817,0.3263,3.7574
16,8.3194,0.7128,0.4518,0.6502,0.3801,3.8199
17,8.3032,0.7096,0.6442,0.4531,0.3711,3.6840
18,8.2877,0.7134,0.4824,0.5545,0.2625,3.8652
19,8.2728,0.7092,0.5587,0.5203,0.4269,4.0219
20,8.2584,0.7071,0.5971,0.5357,0.3517,3.7926
21,8.2445,0.7040,0.4478,0.5030,0.2704,3.7206
22,8.2311,0.7071,0.7238,0.4626,0.3773,3.9070
23,8.2181,0.7011,0.4592,0.5038,0.2924,3.7811
24,8.2056,0.7025,0.5584,0.5977,0.2494,3.7674
25,8.1934,0.7002,0.5307,0.7189,0.2364,3.7134
26,8.1818,0.7015,0.6035,0.5191,0.5036,3.8493
27,8.1704,0.7003,0.4980,0.4938,0.2654,3.7274
28,8.1594,0.6986,0.4497,0.5486,0.3184,3.7009
29,8.1487,0.6942,0.4992,0.4313,0.3195,3.7288
30,8.1384,0.6952,0.4315,0.6150,0.2621,3.7482
31,8.1283,0.6930,0.5222,0.5601,0.2789,3.7786
32,8.1185,0.6929,0.4617,0.5576,0.2627,3.6610
33,8.1090,0.6918,0.4767,0.4568,0.3014,3.6855
34,8.0998,0.6904,0.4441,0.4595,0.2404,3.7574
35,8.0908,0.6886,0.4240,0.5657,0.3425,3.6814
36,8.0820,0.6888,0.4403,0.4289,0.3464,3.6661
37,8.0735,0.6864,0.4658,0.5621,0.2544,3.6384
38,8.0652,0.6839,0.4476,0.6141,0.2767,3.8129
39,8.0570,0.6842,0.4602,0.6377,0.2328,3.6455
40,8.0491,0.6830,0.4579,0.4573,0.3030,3.7201
41,8.0413,0.6814,0.4769,0.5157,0.2752,3.8306
42,8.0337,0.6789,0.4132,0.4569,0.2453,3.7553
43,8.0263,0.6774,0.4609,0.5209,0.2789,3.6752
44,8.0190,0.6792,0.4354,0.5320,0.2768,3.7077
45,8.0119,0.6776,0.4056,0.4836,0.2763,3.5831
46,8.0049,0.6762,0.4430,0.5637,0.3310,3.7694
47,7.9980,0.6747,0.3897,0.4294,0.3587,3.5981
48,7.9913,0.6733,0.5817,0.4599,0.3026,3.5430
49,7.9847,0.6730,0.5237,0.5509,0.3284,3.5969
50,7.9782,0.6773,0.5711,0.4625,0.2805,3.5668
51,7.9718,0.6727,0.3852,0.5443,0.2376,3.5683
52,7.9655,0.6717,0.3931,0.4943,0.2200,3.5651
53,7.9593,0.6695,0.4161,0.4418,0.3415,3.5924
54,7.9532,0.6675,0.4861,0.4628,0.2173,3.5962
55,7.9472,0.6686,0.4829,0.4928,0.3682,3.5682
56,7.9413,0.6672,0.4437,0.5742,0.2871,3.4993
57,7.9354,0.6688,0.4249,0.6407,0.2596,3.5472
58,7.9296,0.6623,0.3846,0.5212,0.2733,3.5808
59,7.9239,0.6653,0.3539,0.4769,0.2215,3.6740
60,7.9182,0.6612,0.4543,0.6396,0.3315,3.5490
61,7.9126,0.6625,0.4114,0.5375,0.2635,3.5209
62,7.9070,0.6638,0.4771,0.4821,0.2344,3.5148
63,7.9015,0.6610,0.4052,0.4891,0.2630,3.4552
64,7.8960,0.6587,0.5000,0.6298,0.2490,3.5492
65,7.8906,0.6587,0.5357,0.4783,0.3246,3.5259
66,7.8853,0.6595,0.4118,0.4222,0.1961,3.5002
67,7.8799,0.6585,0.3654,0.4167,0.1985,3.6128
68,7.8747,0.6567,0.3811,0.4350,0.3763,3.7037
69,7.8693,0.6532,0.4025,0.5149,0.3610,3.5496
70,7.8642,0.6563,0.3985,0.5636,0.3679,3.5067
71,7.8589,0.6548,0.4691,0.4049,0.2424,3.4307
72,7.8537,0.6522,0.3638,0.5175,0.2286,3.5630
73,7.8485,0.6505,0.4625,0.5169,0.1840,3.4489
74,7.8434,0.6514,0.4848,0.4146,0.3178,3.6036
75,7.8383,0.6482,0.4338,0.4595,0.2239,3.5125
76,7.8332,0.6483,0.3814,0.4404,0.2670,3.5455
77,7.8281,0.6461,0.4382,0.4060,0.2137,3.5022
78,7.8230,0.6462,0.3852,0.4662,0.1891,3.5824
79,7.8179,0.6461,0.4394,0.5306,0.2701,3.5040
80,7.8128,0.6448,0.4501,0.5480,0.2296,3.4767
81,7.8077,0.6465,0.4107,0.4248,0.4437,3.5177
82,7.8026,0.6437,0.4171,0.4970,0.1959,3.5723
83,7.7976,0.6411,0.3620,0.4702,0.2115,3.5314
84,7.7925,0.6426,0.3835,0.4948,0.2435,3.4774
85,7.7875,0.6400,0.4965,0.5451,0.2752,3.5780
86,7.7824,0.6370,0.3774,0.4468,0.2944,3.5442
87,7.7773,0.6342,0.3796,0.5221,0.3269,3.5508
88,7.7722,0.6393,0.4385,0.4632,0.2312,3.5234
89,7.7671,0.6367,0.4242,0.6404,0.3212,3.5539
90,7.7621,0.6342,0.3666,0.4404,0.2619,3.4687
91,7.7570,0.6373,0.3421,0.4152,0.2048,3.4570
92,7.7518,0.6343,0.4572,0.5556,0.3661,3.4659
93,7.7467,0.6364,0.4485,0.5403,0.1953,3.5006
94,7.7416,0.6324,0.4674,0.4649,0.2056,3.4770
95,7.7365,0.6324,0.3666,0.4576,0.2292,3.5179
96,7.7313,0.6322,0.4334,0.5892,0.2675,3.5480
97,7.7261,0.6333,0.4468,0.5016,0.2615,3.4835
98,7.7210,0.6347,0.4055,0.3966,0.2387,3.4554
99,7.7157,0.6290,0.3944,0.4911,0.2934,3.5132
100,7.7105,0.6268,0.4209,0.5017,0.2242,3.4997
101,7.7053,0.6267,0.3468,0.5111,0.2806,3.4715
102,7.7000,0.6291,0.4061,0.4653,0.2827,3.4867
103,7.6947,0.6277,0.4076,0.4981,0.2919,3.4809
104,7.6895,0.6231,0.3581,0.4510,0.2387,3.4189
105,7.6841,0.6245,0.4905,0.4728,0.2416,3.6025
106,7.6788,0.6250,0.4248,0.4468,0.2478,3.5943
107,7.6735,0.6202,0.3876,0.4350,0.3341,3.5124
108,7.6681,0.6234,0.3651,0.5900,0.2085,3.4515
109,7.6627,0.6204,0.3884,0.4380,0.3160,3.4278
110,7.6573,0.6235,0.3875,0.4536,0.1961,3.4601
111,7.6519,0.6168,0.4320,0.5025,0.2112,3.4462
112,7.6464,0.6166,0.3771,0.4340,0.2675,3.6398
113,7.6409,0.6206,0.4005,0.4611,0.2132,3.4249
114,7.6354,0.6153,0.3540,0.5073,0.2418,3.4747
115,7.6299,0.6161,0.3441,0.5193,0.2357,3.4845
116,7.6243,0.6149,0.3593,0.4680,0.2908,3.4484
117,7.6187,0.6143,0.3952,0.5456,0.2488,3.4337
118,7.6131,0.6154,0.3666,0.4161,0.2564,3.4561
119,7.6075,0.6172,0.4849,0.4247,0.2384,3.4708
120,7.6018,0.6119,0.4207,0.5000,0.2550,3.3902
121,7.5961,0.6111,0.3671,0.4638,0.2235,3.3552
122,7.5904,0.6083,0.3919,0.4023,0.2263,3.4526
123,7.5847,0.6141,0.3812,0.4898,0.2878,3.4110
124,7.5789,0.6108,0.3645,0.5805,0.3712,3.4913
125,7.5731,0.6095,0.3999,0.4057,0.2676,3.4032
126,7.5673,0.6096,0.3820,0.4920,0.2132,3.3081
127,7.5615,0.6084,0.3961,0.5112,0.2002,3.3745
128,7.5556,0.6083,0.3843,0.4900,0.2239,3.4014
129,7.5497,0.6032,0.4106,0.4353,0.2637,3.4293
130,7.5438,0.6060,0.3872,0.4095,0.2719,3.4412
131,7.5378,0.6024,0.4195,0.5072,0.2469,3.3348
132,7.5319,0.6027,0.4093,0.4485,0.2484,3.3609
133,7.5259,0.6037,0.3431,0.4598,0.1959,3.4130
134,7.5198,0.6014,0.3643,0.5459,0.2069,3.4101
135,7.5137,0.6020,0.4778,0.4609,0.2545,3.3498
136,7.5077,0.6000,0.4220,0.4981,0.3419,3.3234
137,7.5015,0.6005,0.4228,0.5436,0.2541,3.3377
138,7.4954,0.6004,0.3746,0.4444,0.2682,3.3823
139,7.4893,0.5998,0.3626,0.5501,0.1978,3.3381
140,7.4830,0.6021,0.4054,0.4668,0.2431,3.4766
141,7.4768,0.5958,0.3877,0.4215,0.2291,3.3469
142,7.4705,0.5937,0.3655,0.3937,0.2375,3.3737
143,7.4643,0.5951,0.3660,0.4473,0.2447,3.3854
144,7.4579,0.5957,0.4361,0.4109,0.2233,3.4206
145,7.4516,0.5929,0.3971,0.4261,0.2465,3.3655
146,7.4452,0.5932,0.3573,0.5318,0.2339,3.6256
147,7.4388,0.5964,0.4201,0.4714,0.2825,3.3739
148,7.4324,0.5909,0.4323,0.4807,0.2437,3.3598
149,7.4260,0.5908,0.3989,0.4564,0.1981,3.3249
150,7.4195,0.5919,0.3856,0.4679,0.2214,3.3489
151,7.4129,0.5901,0.3800,0.4432,0.3220,3.5276
152,7.4063,0.5895,0.3815,0.4376,0.2322,3.4089
153,7.3998,0.5882,0.4608,0.4908,0.1982,3.3596
154,7.3932,0.5870,0.3408,0.4103,0.2070,3.4190
155,7.3866,0.5876,0.3588,0.5143,0.2533,3.6790
156,7.3799,0.5825,0.3748,0.4257,0.2254,3.5938
157,7.3732,0.5817,0.4411,0.4816,0.2270,3.5214
158,7.3665,0.5890,0.3432,0.5512,0.2262,3.5475
159,7.3597,0.5857,0.4056,0.4744,0.2808,3.5809
160,7.3529,0.5817,0.3480,0.5580,0.2106,3.4783
161,7.3462,0.5837,0.3777,0.4265,0.2163,3.6306
162,7.3393,0.5817,0.3556,0.4661,0.3164,3.5143
163,7.3324,0.5835,0.3472,0.3973,0.2572,3.5035
164,7.3255,0.5832,0.4169,0.4407,0.2952,3.5800
165,7.3186,0.5814,0.5249,0.4494,0.2088,3.5045
166,7.3116,0.5790,0.4038,0.4882,0.2774,3.5002
167,7.3046,0.5758,0.4398,0.4319,0.2357,3.5817
168,7.2976,0.5777,0.3758,0.4744,0.2006,3.5839
169,7.2906,0.5790,0.3935,0.4239,0.2380,3.4902
170,7.2835,0.5755,0.3618,0.4405,0.2078,3.5919
171,7.2763,0.5726,0.4088,0.4810,0.3084,3.4892
172,7.2693,0.5758,0.3967,0.3688,0.2241,3.6175
173,7.2621,0.5738,0.3911,0.4810,0.2251,3.5268
174,7.2548,0.5776,0.3811,0.4992,0.1736,3.5717
175,7.2477,0.5739,0.3510,0.4577,0.2158,3.4993
176,7.2405,0.5732,0.4537,0.5189,0.2385,3.5792
177,7.2332,0.5712,0.4255,0.5152,0.2257,3.4957
178,7.2258,0.5736,0.4241,0.4866,0.3622,3.4806
179,7.2185,0.5692,0.3788,0.4070,0.2121,3.5212
180,7.2111,0.5704,0.3983,0.3850,0.2572,3.5172
181,7.2037,0.5727,0.3477,0.5368,0.2815,3.5361
182,7.1963,0.5718,0.3783,0.4240,0.2692,3.4926
183,7.1888,0.5676,0.3675,0.5201,0.2276,3.4876
184,7.1814,0.5677,0.3628,0.3994,0.2315,3.4969
185,7.1739,0.5663,0.3540,0.4091,0.2534,3.5148
186,7.1663,0.5642,0.3774,0.4902,0.1847,3.4699
187,7.1587,0.5675,0.3796,0.3517,0.2042,3.4498
188,7.1511,0.5623,0.4061,0.4447,0.2172,3.3899
189,7.1436,0.5631,0.3509,0.4241,0.1901,3.5699
190,7.1359,0.5638,0.3405,0.4598,0.2762,3.3704
191,7.1282,0.5649,0.3786,0.4790,0.2855,3.3586
192,7.1205,0.5642,0.4211,0.3891,0.2110,3.5956
193,7.1128,0.5609,0.4408,0.4269,0.2147,3.3666
194,7.1051,0.5619,0.3454,0.4348,0.1671,3.4955
195,7.0972,0.5574,0.4819,0.3652,0.2456,3.5009
196,7.0895,0.5574,0.3822,0.4955,0.2124,3.4235
197,7.0817,0.5568,0.3512,0.4048,0.1681,3.3866
198,7.0737,0.5578,0.3899,0.4838,0.2063,3.3423
199,7.0659,0.5590,0.4019,0.4001,0.3546,3.4386
200,7.0580,0.5600,0.4068,0.4927,0.2316,3.3662
201,7.0500,0.5556,0.3809,0.4719,0.2872,3.4012
202,7.0421,0.5550,0.4382,0.4579,0.2383,3.3596
203,7.0341,0.5563,0.3393,0.4422,0.2923,3.3743
204,7.0261,0.5546,0.4160,0.3381,0.2465,3.3855
205,7.0180,0.5535,0.3620,0.3235,0.2015,3.3380
206,7.0099,0.5486,0.4365,0.4385,0.3235,3.5446
207,7.0020,0.5534,0.4193,0.4516,0.2463,3.4796
208,6.9938,0.5525,0.3826,0.4704,0.2262,3.3564
209,6.9856,0.5529,0.3439,0.3791,0.2147,3.3893
210,6.9775,0.5506,0.3483,0.3887,0.2678,3.4303
211,6.9694,0.5477,0.3614,0.3525,0.1923,3.3722
212,6.9611,0.5524,0.3535,0.3750,0.2674,3.3854
213,6.9529,0.5513,0.4086,0.4416,0.2093,3.4711
214,6.9447,0.5411,0.3737,0.3350,0.2052,3.3929
215,6.9364,0.5485,0.3803,0.3205,0.1990,3.3986
216,6.9280,0.5476,0.4199,0.3669,0.1841,3.4249
217,6.9197,0.5475,0.3725,0.3736,0.2406,3.4364
218,6.9114,0.5440,0.3787,0.4124,0.2552,3.4744
219,6.9030,0.5438,0.4025,0.3073,0.2297,3.3613
220,6.8947,0.5432,0.3855,0.3753,0.1974,3.4100
221,6.8863,0.5451,0.3878,0.4310,0.2871,3.3007
222,6.8778,0.5422,0.3478,0.3495,0.2523,3.4387
223,6.8694,0.5424,0.3779,0.3326,0.2115,3.2886
224,6.8609,0.5397,0.4016,0.4162,0.2111,3.4107
225,6.8525,0.5405,0.4323,0.2855,0.2201,3.4215
226,6.8440,0.5412,0.3613,0.4324,0.1934,3.4011
227,6.8354,0.5385,0.3725,0.3204,0.2803,3.4250
228,6.8269,0.5387,0.3681,0.4038,0.2304,3.4248
229,6.8183,0.5418,0.3645,0.2861,0.2342,3.4870
230,6.8097,0.5375,0.3426,0.3073,0.2390,3.3300
231,6.8011,0.5366,0.4204,0.3739,0.2702,3.3855
232,6.7925,0.5382,0.4005,0.2987,0.2239,3.3945
233,6.7839,0.5353,0.3443,0.3007,0.1941,3.4161
234,6.7751,0.5288,0.3688,0.3708,0.2484,3.3373
235,6.7665,0.5338,0.4043,0.3600,0.1915,3.3181
236,6.7578,0.5366,0.3862,0.2548,0.2722,3.3758
237,6.7491,0.5292,0.3182,0.2662,0.1980,3.3861
238,6.7403,0.5349,0.5017,0.3184,0.1828,3.4311
239,6.7315,0.5326,0.4224,0.4038,0.2254,3.3908
240,6.7228,0.5322,0.3821,0.3136,0.2588,3.4732
241,6.7140,0.5374,0.3807,0.2770,0.1866,3.3381
242,6.7051,0.5321,0.3660,0.2384,0.2626,3.4400
243,6.6964,0.5293,0.3447,0.2504,0.2921,3.3551
244,6.6874,0.5324,0.3505,0.2791,0.2285,3.3594
245,6.6786,0.5279,0.3731,0.3515,0.2331,3.2997
246,6.6696,0.5290,0.3506,0.2863,0.1955,3.3521
247,6.6607,0.5251,0.3777,0.2852,0.2762,3.3742
248,6.6518,0.5264,0.3498,0.2771,0.2362,3.4364
249,6.6428,0.5269,0.3708,0.2944,0.1807,3.3674
250,6.6339,0.5299,0.3768,0.3162,0.2395,3.3186
251,6.6250,0.5241,0.4036,0.2945,0.2313,3.3545
252,6.6158,0.5263,0.3441,0.3515,0.2818,3.3593
253,6.6069,0.5253,0.3741,0.2821,0.2828,3.4168
254,6.5978,0.5240,0.3649,0.3324,0.1873,3.3685
255,6.5888,0.5245,0.3559,0.2511,0.1661,3.3282
256,6.5797,0.5239,0.3636,0.3195,0.1934,3.3280
257,6.5707,0.5164,0.3737,0.2685,0.2673,3.4934
258,6.5615,0.5205,0.3524,0.2474,0.2134,3.3765
259,6.5523,0.5207,0.3301,0.2745,0.2269,3.3714
260,6.5431,0.5198,0.3650,0.2818,0.1821,3.3993
261,6.5340,0.5161,0.3849,0.2723,0.1848,3.3835
262,6.5247,0.5183,0.3925,0.2614,0.1776,3.3931
263,6.5156,0.5173,0.3636,0.2628,0.2983,3.3442
264,6.5063,0.5110,0.3780,0.3159,0.2001,3.3031
265,6.4970,0.5192,0.3567,0.2660,0.2557,3.3485
266,6.4877,0.5142,0.4273,0.2913,0.2694,3.3285
267,6.4786,0.5171,0.3803,0.2036,0.1859,3.3412
268,6.4692,0.5175,0.4265,0.2390,0.2751,3.3919
269,6.4599,0.5128,0.3867,0.2184,0.2348,3.4747
270,6.4505,0.5129,0.3548,0.3241,0.3421,3.3115
271,6.4412,0.5136,0.4334,0.2462,0.1860,3.4858
272,6.4318,0.5142,0.3799,0.2331,0.1852,3.4257
273,6.4223,0.5109,0.3691,0.2862,0.2273,3.3330
274,6.4128,0.5137,0.3735,0.2793,0.2765,3.3698
275,6.4035,0.5132,0.3528,0.2364,0.2116,3.3287
276,6.3940,0.5078,0.4150,0.2417,0.2451,3.3481
277,6.3844,0.5124,0.3312,0.2354,0.2271,3.3603
278,6.3750,0.5079,0.3479,0.2243,0.2592,3.3820
279,6.3653,0.5065,0.3671,0.2265,0.2414,3.3174
280,6.3558,0.5112,0.3658,0.2443,0.1828,3.4970
281,6.3463,0.5075,0.3710,0.3211,0.1762,3.4252
282,6.3367,0.5045,0.3847,0.2125,0.2348,3.3801
283,6.3269,0.5022,0.3573,0.2562,0.2437,3.3163
284,6.3173,0.5077,0.3822,0.2684,0.1988,3.4511
285,6.3078,0.5054,0.3374,0.2478,0.1827,3.3407
286,6.2980,0.5037,0.3896,0.2007,0.1842,3.3961
287,6.2883,0.5036,0.3435,0.2403,0.2359,3.3139
288,6.2787,0.5053,0.3722,0.2169,0.2336,3.3724
289,6.2689,0.5013,0.3854,0.2290,0.2815,3.3832
290,6.2591,0.5059,0.3487,0.3347,0.2058,3.4265
291,6.2494,0.5021,0.3828,0.2036,0.2006,3.3440
292,6.2395,0.5010,0.3870,0.2203,0.2589,3.3091
293,6.2297,0.4966,0.3484,0.2226,0.2482,3.3328
294,6.2198,0.5013,0.3862,0.2002,0.1909,3.3440
295,6.2100,0.4994,0.3648,0.3040,0.2746,3.4419
296,6.2001,0.4999,0.3647,0.2379,0.1974,3.4288
297,6.1900,0.5009,0.4036,0.2547,0.2965,3.3432
298,6.1803,0.5010,0.3864,0.1993,0.2304,3.3232
299,6.1703,0.4935,0.3700,0.2545,0.2532,3.3050
300,6.1602,0.4960,0.3449,0.2789,0.2625,3.4462
301,6.1502,0.4955,0.3563,0.2153,0.2125,3.2978
302,6.1402,0.4981,0.4842,0.2170,0.2170,3.4178
303,6.1301,0.4954,0.3409,0.2157,0.2084,3.3368
304,6.1199,0.4950,0.4020,0.1965,0.1726,3.3626
305,6.1098,0.4956,0.4025,0.2291,0.2455,3.3696
306,6.0996,0.4927,0.4264,0.2437,0.1906,3.3224
307,6.0894,0.4966,0.3531,0.2125,0.2468,3.3302
308,6.0794,0.4922,0.3260,0.2445,0.1932,3.3167
309,6.0690,0.4903,0.3775,0.2112,0.1905,3.3267
310,6.0588,0.4947,0.4407,0.2397,0.1857,3.3305
311,6.0484,0.4879,0.3324,0.2325,0.2931,3.4145
312,6.0381,0.4941,0.3988,0.2167,0.1880,3.3002
313,6.0278,0.4908,0.3902,0.2368,0.2811,3.4221
314,6.0173,0.4906,0.3963,0.2040,0.1901,3.3552
315,6.0070,0.4888,0.3553,0.2308,0.1790,3.3315
316,5.9966,0.4874,0.3758,0.2192,0.2175,3.3676
317,5.9860,0.4931,0.3695,0.2440,0.2062,3.7302
318,5.9754,0.4898,0.3775,0.1960,0.2418,3.3276
319,5.9648,0.4850,0.3587,0.3057,0.3210,3.3293
320,5.9545,0.4840,0.3895,0.1701,0.1772,3.3104
321,5.9437,0.4872,0.3513,0.2644,0.2062,3.3283
322,5.9329,0.4846,0.3663,0.1910,0.2649,3.3415
323,5.9224,0.4860,0.3371,0.2391,0.2024,3.3740
324,5.9116,0.4855,0.3635,0.2013,0.3812,3.3628
325,5.9007,0.4849,0.4451,0.2197,0.1708,3.3881
326,5.8901,0.4839,0.3595,0.1768,0.3243,3.4318
327,5.8791,0.4832,0.3941,0.2377,0.2381,3.3382
328,5.8682,0.4814,0.4040,0.2019,0.1844,3.3541
329,5.8572,0.4772,0.4163,0.1874,0.2503,3.4608
330,5.8462,0.4795,0.4126,0.1730,0.2066,3.3155
331,5.8352,0.4844,0.3498,0.1894,0.2772,3.4229
332,5.8242,0.4788,0.3579,0.2159,0.2184,3.3351
333,5.8131,0.4788,0.3568,0.2205,0.1626,3.2962
334,5.8019,0.4766,0.3216,0.1881,0.2078,3.5347
335,5.7908,0.4805,0.3753,0.1944,0.2140,3.3725
336,5.7795,0.4778,0.3469,0.2129,0.1848,3.3109
337,5.7682,0.4758,0.3852,0.1980,0.1930,3.3290
338,5.7568,0.4790,0.3652,0.1926,0.2061,3.4019
339,5.7454,0.4736,0.3882,0.2071,0.2391,3.3211
340,5.7341,0.4730,0.3864,0.1912,0.2654,3.4328
341,5.7226,0.4795,0.3460,0.2271,0.2812,3.3230
342,5.7111,0.4753,0.3622,0.1943,0.2256,3.4303
343,5.6995,0.4741,0.3464,0.2502,0.2054,3.3628
344,5.6879,0.4751,0.3210,0.1925,0.2434,3.3193
345,5.6762,0.4756,0.3732,0.1810,0.2010,3.3734
346,5.6644,0.4746,0.3394,0.1968,0.1942,3.3329
347,5.6528,0.4737,0.3573,0.2133,0.2128,3.3409
348,5.6411,0.4735,0.3645,0.2089,0.2072,3.3019
349,5.6290,0.4751,0.3757,0.1660,0.1865,3.3645
350,5.6170,0.4700,0.3778,0.2003,0.1841,3.3401
351,5.6051,0.4723,0.3241,0.1861,0.2057,3.3068
352,5.5930,0.4701,0.3672,0.1763,0.2185,3.4309
353,5.5811,0.4688,0.3601,0.1836,0.2004,3.3825
354,5.5689,0.4677,0.3668,0.2433,0.2440,3.3448
355,5.5567,0.4647,0.3368,0.1725,0.2163,3.5821
356,5.5447,0.4634,0.3755,0.2341,0.1613,3.3043
357,5.5322,0.4683,0.3505,0.1762,0.2505,3.3151
358,5.5199,0.4662,0.3967,0.1804,0.1702,3.3537
359,5.5077,0.4671,0.3543,0.2418,0.2029,3.3504
360,5.4951,0.4624,0.4428,0.1986,0.2027,3.5251
361,5.4826,0.4654,0.3330,0.2260,0.1989,3.3618
362,5.4700,0.4663,0.4096,0.2028,0.1995,3.3992
363,5.4574,0.4638,0.3671,0.1828,0.2062,3.3540
364,5.4447,0.4636,0.3535,0.1775,0.2876,3.3308
365,5.4320,0.4640,0.4216,0.1992,0.2624,3.4522
366,5.4192,0.4610,0.3912,0.1902,0.2629,3.3304
367,5.4062,0.4614,0.3483,0.2282,0.2055,3.3804
368,5.3934,0.4571,0.3298,0.2038,0.2226,3.3872
369,5.3805,0.4630,0.3647,0.1627,0.2641,3.3412
370,5.3674,0.4572,0.3870,0.2246,0.1983,3.3712
371,5.3544,0.4588,0.3423,0.1720,0.2201,3.3192
372,5.3412,0.4605,0.4319,0.1872,0.2129,3.4137
373,5.3280,0.4569,0.3813,0.2325,0.2697,3.3583
374,5.3150,0.4598,0.3470,0.1695,0.2902,3.3532
375,5.3014,0.4551,0.3358,0.1652,0.2204,3.4227
376,5.2881,0.4602,0.3764,0.1850,0.1497,3.4034
377,5.2748,0.4599,0.3332,0.1942,0.2948,3.4078
378,5.2613,0.4620,0.4081,0.1643,0.2643,3.2721
379,5.2479,0.4561,0.4196,0.1775,0.2127,3.3136
380,5.2341,0.4569,0.3406,0.1797,0.2030,3.4698
381,5.2204,0.4545,0.3547,0.1667,0.2714,3.3527
382,5.2068,0.4524,0.3748,0.1913,0.2619,3.2911
383,5.1930,0.4542,0.3848,0.1695,0.2195,3.3626
384,5.1795,0.4531,0.3493,0.1833,0.1887,3.3242
385,5.1652,0.4574,0.3542,0.1801,0.2613,3.3482
386,5.1513,0.4532,0.3719,0.1949,0.2003,3.3490
387,5.1375,0.4544,0.3297,0.2288,0.1978,3.4706
388,5.1233,0.4570,0.3558,0.1837,0.2522,3.4481
389,5.1093,0.4478,0.3344,0.1505,0.1910,3.3439
390,5.0955,0.4482,0.3150,0.2015,0.2339,3.3428
391,5.0811,0.4466,0.3637,0.1863,0.2093,3.3678
392,5.0669,0.4491,0.3496,0.1665,0.2438,3.3200
393,5.0527,0.4495,0.3422,0.1957,0.1806,3.3370
394,5.0383,0.4541,0.4468,0.1991,0.3341,3.3105
395,5.0239,0.4489,0.3502,0.1598,0.1911,3.3749
396,5.0096,0.4471,0.3319,0.1830,0.2326,3.4149
397,4.9950,0.4475,0.3192,0.2402,0.1916,3.3334
398,4.9805,0.4492,0.3436,0.1719,0.1823,3.3478
399,4.9660,0.4485,0.3781,0.1583,0.2011,3.3340
400,4.9514,0.4491,0.3361,0.1773,0.3818,3.3622
401,4.9368,0.4459,0.3623,0.1892,0.2105,3.3687
402,4.9220,0.4535,0.3981,0.2103,0.1866,3.3366
403,4.9074,0.4448,0.3681,0.1666,0.1934,3.3720
404,4.8927,0.4459,0.3558,0.1595,0.1806,3.3520
405,4.8777,0.4453,0.3761,0.2093,0.2464,3.5285
406,4.8630,0.4441,0.3464,0.1940,0.1982,3.3534
407,4.8481,0.4467,0.3460,0.1884,0.1962,3.3448
408,4.8330,0.4448,0.3595,0.1973,0.1923,3.3646
409,4.8182,0.4449,0.3572,0.1788,0.2184,3.2845
410,4.8031,0.4431,0.3960,0.1768,0.2349,3.3271
411,4.7880,0.4382,0.4046,0.1564,0.2318,3.2807
412,4.7730,0.4394,0.3302,0.1777,0.2061,3.3039
413,4.7578,0.4430,0.3644,0.1467,0.1733,3.2968
414,4.7428,0.4403,0.3424,0.2065,0.2308,3.3717
415,4.7276,0.4397,0.3910,0.1762,0.2048,3.3965
416,4.7120,0.4445,0.3830,0.1979,0.2055,3.3466
417,4.6969,0.4403,0.3588,0.2067,0.1773,3.4907
418,4.6815,0.4410,0.3206,0.1577,0.1936,3.3820
419,4.6661,0.4414,0.3791,0.1691,0.3366,3.2906
420,4.6507,0.4388,0.3812,0.1696,0.2263,3.3658
421,4.6355,0.4448,0.3828,0.1888,0.2308,3.4469
422,4.6198,0.4392,0.3343,0.1641,0.1782,3.3337
423,4.6043,0.4352,0.3582,0.2097,0.1842,3.4043
424,4.5889,0.4386,0.3371,0.1421,0.1605,3.4354
425,4.5733,0.4381,0.3589,0.1559,0.2614,3.3281
426,4.5579,0.4373,0.3368,0.1702,0.1875,3.3201
427,4.5421,0.4364,0.4248,0.1375,0.2456,3.3694
428,4.5265,0.4338,0.3325,0.1715,0.2976,3.3165
429,4.5110,0.4356,0.3294,0.1754,0.2013,3.3419
430,4.4950,0.4341,0.3378,0.1527,0.1948,3.3173
431,4.4793,0.4332,0.3536,0.2057,0.2042,3.4127
432,4.4637,0.4339,0.3876,0.1475,0.1895,3.3251
433,4.4478,0.4313,0.3255,0.1505,0.2277,3.3393
434,4.4319,0.4314,0.3882,0.1974,0.2410,3.4144
435,4.4161,0.4328,0.3417,0.1547,0.2781,3.3741
436,4.4003,0.4297,0.3913,0.1813,0.1574,3.3215
437,4.3843,0.4326,0.3462,0.2501,0.2075,3.3256
438,4.3685,0.4292,0.3326,0.1784,0.2267,3.3399
439,4.3523,0.4369,0.4078,0.1512,0.2273,3.3485
440,4.3364,0.4338,0.3817,0.1649,0.2600,3.3666
441,4.3203,0.4365,0.3457,0.1453,0.1868,3.3547
442,4.3044,0.4285,0.3426,0.1704,0.1692,3.3961
443,4.2879,0.4277,0.3298,0.1548,0.2146,3.3708
444,4.2722,0.4307,0.3283,0.1868,0.2189,3.2990
445,4.2558,0.4294,0.3080,0.2042,0.3225,3.2951
446,4.2396,0.4279,0.3287,0.1463,0.1852,3.3499
447,4.2235,0.4313,0.3415,0.1669,0.2370,3.3519
448,4.2072,0.4250,0.3606,0.1883,0.1696,3.3423
449,4.1909,0.4264,0.3298,0.1584,0.1860,3.3673
450,4.1746,0.4266,0.3267,0.1632,0.1736,3.3765
451,4.1585,0.4310,0.3152,0.1555,0.2315,3.3386
452,4.1420,0.4295,0.3596,0.2124,0.2825,3.3318
453,4.1256,0.4263,0.3392,0.1740,0.2150,3.3788
454,4.1091,0.4267,0.5021,0.2122,0.1821,3.3653
455,4.0928,0.4281,0.3455,0.1457,0.2339,3.3723
456,4.0763,0.4281,0.3571,0.1392,0.2396,3.3025
457,4.0597,0.4240,0.4195,0.1802,0.2215,3.3721
458,4.0433,0.4211,0.3132,0.1754,0.1847,3.4447
459,4.0269,0.4226,0.3453,0.1849,0.1816,3.3039
460,4.0103,0.4240,0.3717,0.1963,0.2208,3.4161
461,3.9937,0.4201,0.3440,0.1934,0.2044,3.3221
462,3.9772,0.4267,0.3536,0.1689,0.1908,3.3301
463,3.9605,0.4233,0.3833,0.1554,0.3194,3.3011
464,3.9440,0.4246,0.3466,0.1499,0.2021,3.4296
465,3.9270,0.4256,0.3177,0.1438,0.2728,3.4442
466,3.9107,0.4243,0.3721,0.1638,0.1710,3.3297
467,3.8937,0.4206,0.3278,0.1419,0.2079,3.3934
468,3.8772,0.4225,0.3526,0.1574,0.1923,3.2838
469,3.8603,0.4194,0.3213,0.2131,0.2537,3.3766
470,3.8438,0.4207,0.4016,0.1406,0.2009,3.5096
471,3.8267,0.4149,0.3255,0.1567,0.1826,3.3180
472,3.8101,0.4159,0.4085,0.1805,0.2387,3.3807
473,3.7934,0.4206,0.3477,0.1590,0.2384,3.3601
474,3.7764,0.4210,0.3482,0.1512,0.1880,3.3371
475,3.7596,0.4165,0.3546,0.1390,0.2010,3.3935
476,3.7430,0.4147,0.3401,0.1405,0.2371,3.3638
477,3.7258,0.4142,0.3562,0.2614,0.1896,3.3068
478,3.7094,0.4154,0.3213,0.1594,0.1719,3.3119
479,3.6926,0.4116,0.3201,0.1787,0.2159,3.4944
480,3.6762,0.4171,0.3085,0.1320,0.2410,3.3455
481,3.6593,0.4158,0.3796,0.1568,0.2800,3.3694
482,3.6426,0.4148,0.3432,0.1746,0.1959,3.3854
483,3.6260,0.4222,0.3887,0.1542,0.1502,3.4213
484,3.6094,0.4135,0.3944,0.1823,0.1973,3.3541
485,3.5925,0.4175,0.3988,0.1363,0.1950,3.3295
486,3.5762,0.4130,0.3340,0.2339,0.1783,3.3347
487,3.5594,0.4177,0.3389,0.1516,0.2205,3.3907
488,3.5433,0.4090,0.3189,0.1802,0.2109,3.2975
489,3.5270,0.4135,0.3735,0.1530,0.1612,3.3868
490,3.5103,0.4135,0.3581,0.1887,0.1945,3.4011
491,3.4941,0.4073,0.3292,0.1527,0.1917,3.5045
492,3.4774,0.4153,0.3742,0.2265,0.2725,3.3824
493,3.4614,0.4091,0.3433,0.1590,0.2266,3.3046
494,3.4454,0.4150,0.3342,0.1526,0.2013,3.4043
495,3.4293,0.4146,0.3371,0.1776,0.2526,3.2822
496,3.4130,0.4101,0.3877,0.2120,0.2493,3.3342
497,3.3968,0.4085,0.3149,0.1461,0.2531,3.3656
498,3.3809,0.4089,0.3435,0.1691,0.2283,3.3860
499,3.3651,0.4115,0.3674,0.1380,0.2202,3.4123
500,3.3491,0.4093,0.3888,0.1802,0.1806,3.3225