Epoch,Mean Squared Error,Mean Absolute Error,Smooth L1 Loss,Huber Loss,Log-Cosh Loss,Quantile Loss,Mean Absolute Percentage Error
1,8.1798,2.2914,1.8775,1.8696,1.7413,1.1995,1.2410
2,8.1317,2.2906,1.8756,1.8684,1.7399,1.1757,1.1480
3,8.0845,2.2898,1.8739,1.8673,1.7385,1.1530,1.0951
4,8.0367,2.2890,1.8722,1.8661,1.7373,1.1315,1.0693
5,7.9866,2.2882,1.8706,1.8650,1.7361,1.1109,1.0302
6,7.9322,2.2874,1.8690,1.8640,1.7349,1.0910,1.0468
7,7.8703,2.2866,1.8675,1.8630,1.7338,1.0717,1.0235
8,7.7987,2.2858,1.8661,1.8620,1.7328,1.0534,1.0234
9,7.7128,2.2850,1.8647,1.8610,1.7318,1.0357,1.0244
10,7.6120,2.2842,1.8633,1.8600,1.7309,1.0186,1.0194
11,7.4924,2.2834,1.8620,1.8591,1.7300,1.0022,1.0379
12,7.3524,2.2826,1.8608,1.8582,1.7291,0.9864,1.0204
13,7.1916,2.2818,1.8595,1.8573,1.7283,0.9712,1.0165
14,7.0104,2.2809,1.8583,1.8564,1.7275,0.9564,1.0297
15,6.8106,2.2800,1.8572,1.8556,1.7267,0.9420,1.0300
16,6.5953,2.2792,1.8560,1.8547,1.7260,0.9281,1.0246
17,6.3709,2.2783,1.8549,1.8539,1.7253,0.9144,1.0242
18,6.1402,2.2774,1.8537,1.8531,1.7246,0.9010,1.0250
19,5.9095,2.2765,1.8526,1.8522,1.7239,0.8881,1.0340
20,5.6824,2.2755,1.8515,1.8514,1.7233,0.8755,1.0259
21,5.4660,2.2746,1.8504,1.8506,1.7227,0.8633,1.0224
22,5.2625,2.2736,1.8493,1.8498,1.7221,0.8513,1.0123
23,5.0755,2.2727,1.8482,1.8490,1.7215,0.8396,1.0223
24,4.9058,2.2717,1.8471,1.8482,1.7209,0.8281,1.0329
25,4.7557,2.2707,1.8460,1.8475,1.7203,0.8170,1.0185
26,4.6219,2.2696,1.8449,1.8467,1.7197,0.8061,1.0200
27,4.5031,2.2686,1.8438,1.8459,1.7192,0.7953,1.0250
28,4.4014,2.2675,1.8426,1.8451,1.7186,0.7849,1.0194
29,4.3110,2.2664,1.8415,1.8443,1.7181,0.7748,1.0272
30,4.2334,2.2652,1.8403,1.8435,1.7175,0.7650,1.0219
31,4.1648,2.2641,1.8391,1.8427,1.7170,0.7554,1.0117
32,4.1052,2.2629,1.8380,1.8419,1.7165,0.7461,1.0332
33,4.0537,2.2617,1.8367,1.8411,1.7159,0.7373,1.0127
34,4.0074,2.2605,1.8355,1.8403,1.7154,0.7288,1.0247
35,3.9645,2.2592,1.8343,1.8395,1.7149,0.7206,1.0201
36,3.9256,2.2579,1.8330,1.8387,1.7143,0.7128,1.0179
37,3.8932,2.2566,1.8317,1.8379,1.7138,0.7053,1.0307
38,3.8608,2.2552,1.8304,1.8370,1.7133,0.6981,1.0156
39,3.8326,2.2539,1.8291,1.8362,1.7127,0.6912,1.0302
40,3.8047,2.2525,1.8277,1.8353,1.7122,0.6845,1.0170
41,3.7771,2.2510,1.8263,1.8345,1.7116,0.6780,1.0170
42,3.7512,2.2496,1.8249,1.8336,1.7111,0.6717,1.0229
43,3.7273,2.2481,1.8235,1.8327,1.7105,0.6656,1.0183
44,3.7033,2.2465,1.8220,1.8318,1.7099,0.6597,1.0234
45,3.6803,2.2450,1.8205,1.8309,1.7094,0.6540,1.0160
46,3.6566,2.2433,1.8190,1.8300,1.7088,0.6485,1.0167
47,3.6331,2.2417,1.8175,1.8291,1.7082,0.6432,1.0319
48,3.6100,2.2400,1.8159,1.8281,1.7076,0.6380,1.0224
49,3.5864,2.2383,1.8143,1.8271,1.7070,0.6329,1.0192
50,3.5643,2.2365,1.8127,1.8262,1.7064,0.6281,1.0220
51,3.5415,2.2347,1.8110,1.8252,1.7057,0.6234,1.0232
52,3.5192,2.2329,1.8093,1.8242,1.7051,0.6188,1.0228
53,3.4942,2.2310,1.8076,1.8231,1.7044,0.6145,1.0198
54,3.4732,2.2290,1.8059,1.8221,1.7038,0.6103,1.0218
55,3.4497,2.2270,1.8041,1.8210,1.7031,0.6063,1.0235
56,3.4284,2.2250,1.8023,1.8199,1.7024,0.6024,1.0202
57,3.4047,2.2229,1.8004,1.8188,1.7017,0.5986,1.0171
58,3.3786,2.2208,1.7986,1.8177,1.7010,0.5950,1.0250
59,3.3547,2.2186,1.7966,1.8166,1.7002,0.5915,1.0127
60,3.3312,2.2163,1.7947,1.8154,1.6995,0.5881,1.0272
61,3.3045,2.2140,1.7927,1.8142,1.6987,0.5848,1.0239
62,3.2737,2.2116,1.7907,1.8130,1.6979,0.5816,1.0210
63,3.2409,2.2092,1.7886,1.8118,1.6971,0.5785,1.0131
64,3.2002,2.2067,1.7865,1.8105,1.6963,0.5754,1.0280
65,3.1456,2.2041,1.7844,1.8092,1.6954,0.5724,1.0207
66,3.0648,2.2015,1.7822,1.8079,1.6946,0.5696,1.0215
67,2.9490,2.1988,1.7800,1.8066,1.6937,0.5668,1.0121
68,2.8293,2.1961,1.7777,1.8052,1.6928,0.5641,1.0290
69,2.7295,2.1933,1.7754,1.8038,1.6918,0.5615,1.0226
70,2.6512,2.1904,1.7730,1.8024,1.6909,0.5590,1.0199
71,2.5830,2.1875,1.7706,1.8010,1.6899,0.5566,1.0074
72,2.5237,2.1844,1.7682,1.7995,1.6889,0.5543,1.0313
73,2.4693,2.1813,1.7656,1.7980,1.6879,0.5520,1.0212
74,2.4222,2.1781,1.7631,1.7964,1.6869,0.5498,1.0201
75,2.3756,2.1749,1.7605,1.7949,1.6858,0.5476,1.0162
76,2.3374,2.1715,1.7578,1.7933,1.6848,0.5454,1.0266
77,2.3009,2.1681,1.7550,1.7916,1.6836,0.5433,1.0186
78,2.2634,2.1646,1.7522,1.7899,1.6825,0.5413,1.0258
79,2.2336,2.1610,1.7494,1.7882,1.6814,0.5392,1.0211
80,2.2017,2.1573,1.7465,1.7865,1.6802,0.5373,1.0208
81,2.1738,2.1535,1.7435,1.7847,1.6789,0.5354,1.0174
82,2.1462,2.1497,1.7404,1.7828,1.6777,0.5336,1.0098
83,2.1215,2.1457,1.7373,1.7810,1.6764,0.5318,1.0323
84,2.0953,2.1417,1.7341,1.7791,1.6751,0.5301,1.0216
85,2.0687,2.1375,1.7308,1.7771,1.6738,0.5285,1.0227
86,2.0449,2.1332,1.7275,1.7751,1.6724,0.5269,1.0232
87,2.0220,2.1288,1.7241,1.7730,1.6710,0.5254,1.0113
88,1.9979,2.1243,1.7206,1.7709,1.6696,0.5238,1.0292
89,1.9744,2.1197,1.7170,1.7688,1.6682,0.5224,1.0162
90,1.9504,2.1150,1.7133,1.7666,1.6667,0.5210,1.0214
91,1.9282,2.1102,1.7096,1.7643,1.6651,0.5196,1.0171
92,1.9056,2.1053,1.7058,1.7620,1.6636,0.5183,1.0181
93,1.8807,2.1003,1.7019,1.7596,1.6620,0.5171,1.0216
94,1.8577,2.0952,1.6979,1.7572,1.6603,0.5159,1.0104
95,1.8379,2.0899,1.6938,1.7547,1.6587,0.5148,1.0231
96,1.8167,2.0846,1.6897,1.7521,1.6569,0.5137,1.0166
97,1.7945,2.0791,1.6854,1.7495,1.6552,0.5127,1.0381
98,1.7737,2.0734,1.6811,1.7468,1.6534,0.5118,1.0240
99,1.7543,2.0676,1.6767,1.7441,1.6516,0.5108,1.0250
100,1.7351,2.0616,1.6722,1.7413,1.6497,0.5100,1.0187
101,1.7144,2.0555,1.6676,1.7384,1.6478,0.5091,1.0213
102,1.6976,2.0492,1.6629,1.7354,1.6458,0.5083,1.0180
103,1.6840,2.0428,1.6581,1.7324,1.6438,0.5075,1.0207
104,1.6650,2.0362,1.6533,1.7293,1.6417,0.5068,1.0175
105,1.6482,2.0295,1.6483,1.7261,1.6396,0.5060,1.0207
106,1.6296,2.0226,1.6433,1.7228,1.6374,0.5054,1.0141
107,1.6135,2.0156,1.6382,1.7195,1.6352,0.5047,1.0208
108,1.5998,2.0084,1.6330,1.7160,1.6329,0.5041,1.0347
109,1.5819,2.0010,1.6277,1.7125,1.6306,0.5035,1.0230
110,1.5695,1.9935,1.6223,1.7089,1.6282,0.5030,1.0216
111,1.5565,1.9857,1.6169,1.7052,1.6258,0.5024,1.0186
112,1.5422,1.9776,1.6114,1.7014,1.6233,0.5019,1.0219
113,1.5274,1.9694,1.6057,1.6975,1.6207,0.5014,1.0189
114,1.5159,1.9610,1.6001,1.6935,1.6181,0.5009,1.0215
115,1.5045,1.9523,1.5943,1.6894,1.6154,0.5004,1.0184
116,1.4913,1.9436,1.5885,1.6852,1.6127,0.5000,1.0162
117,1.4757,1.9346,1.5826,1.6809,1.6098,0.4995,1.0228
118,1.4635,1.9256,1.5767,1.6765,1.6070,0.4991,1.0169
119,1.4562,1.9163,1.5706,1.6720,1.6040,0.4987,1.0234
120,1.4422,1.9068,1.5645,1.6674,1.6010,0.4982,1.0194
121,1.4278,1.8970,1.5584,1.6627,1.5979,0.4978,1.0188
122,1.4207,1.8870,1.5522,1.6579,1.5947,0.4974,1.0214
123,1.4054,1.8768,1.5460,1.6530,1.5914,0.4971,1.0236
124,1.3960,1.8664,1.5397,1.6480,1.5881,0.4967,1.0184
125,1.3855,1.8558,1.5334,1.6428,1.5846,0.4964,1.0176
126,1.3739,1.8449,1.5270,1.6376,1.5811,0.4960,1.0243
127,1.3657,1.8337,1.5207,1.6323,1.5775,0.4957,1.0191
128,1.3537,1.8223,1.5143,1.6268,1.5739,0.4954,1.0144
129,1.3422,1.8107,1.5079,1.6212,1.5701,0.4951,1.0247
130,1.3364,1.7989,1.5014,1.6156,1.5662,0.4948,1.0064
131,1.3267,1.7870,1.4950,1.6098,1.5623,0.4945,1.0267
132,1.3118,1.7748,1.4886,1.6039,1.5583,0.4942,1.0285
133,1.3028,1.7624,1.4822,1.5979,1.5541,0.4939,1.0140
134,1.2976,1.7498,1.4757,1.5918,1.5499,0.4937,1.0323
135,1.2894,1.7370,1.4693,1.5856,1.5455,0.4934,1.0165
136,1.2790,1.7240,1.4630,1.5793,1.5411,0.4932,1.0175
137,1.2646,1.7109,1.4566,1.5729,1.5366,0.4930,1.0249
138,1.2610,1.6976,1.4503,1.5664,1.5319,0.4928,1.0213
139,1.2550,1.6841,1.4440,1.5598,1.5272,0.4926,1.0203
140,1.2419,1.6704,1.4378,1.5530,1.5223,0.4924,1.0203
141,1.2332,1.6567,1.4316,1.5462,1.5173,0.4922,1.0224
142,1.2238,1.6429,1.4255,1.5393,1.5122,0.4920,1.0240
143,1.2245,1.6292,1.4195,1.5323,1.5070,0.4918,1.0265
144,1.2116,1.6155,1.4134,1.5252,1.5017,0.4917,1.0187
145,1.2037,1.6020,1.4075,1.5180,1.4963,0.4915,1.0182
146,1.1926,1.5884,1.4017,1.5108,1.4907,0.4913,1.0151
147,1.1889,1.5750,1.3960,1.5035,1.4851,0.4912,1.0172
148,1.1824,1.5616,1.3903,1.4961,1.4793,0.4910,1.0205
149,1.1743,1.5483,1.3847,1.4886,1.4734,0.4909,1.0182
150,1.1616,1.5352,1.3792,1.4811,1.4673,0.4908,1.0200
151,1.1543,1.5222,1.3738,1.4735,1.4612,0.4906,1.0215
152,1.1492,1.5093,1.3685,1.4658,1.4549,0.4905,1.0115
153,1.1430,1.4961,1.3633,1.4582,1.4485,0.4904,1.0250
154,1.1351,1.4834,1.3582,1.4505,1.4419,0.4903,1.0221
155,1.1318,1.4706,1.3532,1.4427,1.4353,0.4901,1.0195
156,1.1185,1.4584,1.3484,1.4350,1.4284,0.4900,1.0201
157,1.1138,1.4461,1.3435,1.4272,1.4215,0.4899,1.0159
158,1.1013,1.4341,1.3389,1.4193,1.4144,0.4898,1.0206
159,1.1007,1.4223,1.3343,1.4115,1.4073,0.4896,1.0161
160,1.0956,1.4108,1.3298,1.4037,1.3999,0.4895,1.0167
161,1.0881,1.3993,1.3254,1.3959,1.3925,0.4894,1.0195
162,1.0791,1.3882,1.3211,1.3881,1.3848,0.4893,1.0193
163,1.0758,1.3772,1.3170,1.3804,1.3771,0.4892,1.0168
164,1.0696,1.3663,1.3129,1.3726,1.3693,0.4891,1.0191
165,1.0603,1.3556,1.3089,1.3650,1.3613,0.4890,1.0163
166,1.0489,1.3453,1.3051,1.3573,1.3532,0.4889,1.0175
167,1.0466,1.3349,1.3013,1.3497,1.3449,0.4888,1.0188
168,1.0471,1.3247,1.2976,1.3421,1.3365,0.4887,1.0175
169,1.0360,1.3146,1.2941,1.3346,1.3280,0.4886,1.0226
170,1.0331,1.3046,1.2906,1.3272,1.3194,0.4885,1.0152
171,1.0256,1.2949,1.2872,1.3198,1.3106,0.4884,1.0181
172,1.0172,1.2850,1.2840,1.3125,1.3017,0.4884,1.0179
173,1.0091,1.2752,1.2807,1.3054,1.2927,0.4883,1.0265
174,1.0031,1.2656,1.2776,1.2983,1.2836,0.4882,1.0185
175,1.0074,1.2559,1.2745,1.2912,1.2744,0.4881,1.0254
176,0.9963,1.2469,1.2716,1.2843,1.2650,0.4881,1.0254
177,0.9868,1.2382,1.2688,1.2774,1.2555,0.4880,1.0232
178,0.9790,1.2294,1.2660,1.2707,1.2460,0.4879,1.0140
179,0.9712,1.2205,1.2632,1.2641,1.2363,0.4879,1.0259
180,0.9724,1.2122,1.2606,1.2576,1.2265,0.4878,1.0209
181,0.9620,1.2041,1.2580,1.2511,1.2167,0.4877,1.0166
182,0.9595,1.1960,1.2555,1.2448,1.2067,0.4877,1.0142
183,0.9491,1.1883,1.2531,1.2386,1.1967,0.4876,1.0214
184,0.9447,1.1807,1.2507,1.2325,1.1866,0.4875,1.0076
185,0.9362,1.1735,1.2483,1.2265,1.1765,0.4875,1.0246
186,0.9328,1.1661,1.2460,1.2206,1.1662,0.4874,1.0117
187,0.9247,1.1594,1.2439,1.2149,1.1559,0.4874,1.0230
188,0.9205,1.1525,1.2417,1.2091,1.1456,0.4873,1.0191
189,0.9141,1.1462,1.2396,1.2036,1.1352,0.4873,1.0207
190,0.9023,1.1396,1.2375,1.1982,1.1248,0.4872,1.0152
191,0.8967,1.1334,1.2355,1.1928,1.1144,0.4872,1.0108
192,0.8906,1.1271,1.2336,1.1875,1.1040,0.4871,1.0266
193,0.8770,1.1212,1.2316,1.1823,1.0935,0.4871,1.0160
194,0.8725,1.1154,1.2298,1.1773,1.0831,0.4870,1.0163
195,0.8662,1.1099,1.2279,1.1723,1.0727,0.4870,1.0180
196,0.8632,1.1047,1.2262,1.1674,1.0623,0.4869,1.0239
197,0.8527,1.0997,1.2244,1.1626,1.0519,0.4869,1.0173
198,0.8485,1.0948,1.2227,1.1580,1.0416,0.4868,1.0211
199,0.8418,1.0896,1.2210,1.1533,1.0313,0.4868,1.0195
200,0.8312,1.0853,1.2193,1.1488,1.0212,0.4868,1.0286
201,0.8312,1.0811,1.2177,1.1444,1.0110,0.4867,1.0140
202,0.8167,1.0769,1.2162,1.1400,1.0009,0.4867,1.0236
203,0.8098,1.0728,1.2145,1.1357,0.9910,0.4866,1.0180
204,0.8095,1.0690,1.2130,1.1314,0.9811,0.4866,1.0114
205,0.7958,1.0650,1.2115,1.1273,0.9714,0.4865,1.0228
206,0.7961,1.0613,1.2100,1.1231,0.9618,0.4865,1.0140
207,0.7847,1.0574,1.2085,1.1191,0.9522,0.4864,1.0226
208,0.7847,1.0537,1.2070,1.1151,0.9429,0.4864,1.0178
209,0.7720,1.0507,1.2056,1.1112,0.9336,0.4864,1.0217
210,0.7767,1.0473,1.2042,1.1073,0.9245,0.4863,1.0203
211,0.7667,1.0437,1.2027,1.1035,0.9154,0.4863,1.0156
212,0.7608,1.0408,1.2013,1.0997,0.9066,0.4862,1.0166
213,0.7536,1.0374,1.2000,1.0960,0.8980,0.4862,1.0190
214,0.7458,1.0349,1.1986,1.0923,0.8895,0.4862,1.0193
215,0.7462,1.0314,1.1973,1.0887,0.8810,0.4861,1.0197
216,0.7471,1.0282,1.1960,1.0851,0.8727,0.4861,1.0189
217,0.7364,1.0261,1.1947,1.0815,0.8646,0.4860,1.0209
218,0.7339,1.0234,1.1933,1.0779,0.8567,0.4860,1.0122
219,0.7256,1.0203,1.1920,1.0745,0.8489,0.4860,1.0192
220,0.7264,1.0181,1.1907,1.0710,0.8412,0.4859,1.0196
221,0.7221,1.0156,1.1893,1.0676,0.8337,0.4859,1.0195
222,0.7191,1.0132,1.1881,1.0642,0.8264,0.4858,1.0194
223,0.7150,1.0104,1.1868,1.0608,0.8191,0.4858,1.0194
224,0.7086,1.0084,1.1856,1.0574,0.8121,0.4858,1.0197
225,0.7085,1.0059,1.1843,1.0541,0.8052,0.4857,1.0191
226,0.7049,1.0039,1.1830,1.0508,0.7983,0.4857,1.0207
227,0.7000,1.0011,1.1817,1.0475,0.7917,0.4857,1.0142
228,0.6957,0.9992,1.1805,1.0442,0.7852,0.4856,1.0129
229,0.6967,0.9972,1.1792,1.0410,0.7789,0.4856,1.0237
230,0.6895,0.9951,1.1780,1.0379,0.7726,0.4856,1.0167
231,0.6819,0.9928,1.1767,1.0346,0.7665,0.4855,1.0157
232,0.6839,0.9911,1.1754,1.0314,0.7605,0.4855,1.0267
233,0.6827,0.9890,1.1741,1.0281,0.7547,0.4855,1.0164
234,0.6808,0.9871,1.1729,1.0250,0.7490,0.4854,1.0201
235,0.6763,0.9849,1.1716,1.0218,0.7433,0.4854,1.0146
236,0.6723,0.9834,1.1703,1.0186,0.7379,0.4854,1.0216
237,0.6668,0.9816,1.1690,1.0155,0.7326,0.4853,1.0146
238,0.6639,0.9796,1.1677,1.0124,0.7273,0.4853,1.0158
239,0.6627,0.9776,1.1664,1.0092,0.7222,0.4853,1.0251
240,0.6619,0.9762,1.1651,1.0061,0.7172,0.4852,1.0231
241,0.6656,0.9745,1.1637,1.0030,0.7123,0.4852,1.0079
242,0.6542,0.9724,1.1624,0.9998,0.7075,0.4852,1.0307
243,0.6566,0.9706,1.1610,0.9967,0.7028,0.4851,1.0184
244,0.6536,0.9688,1.1597,0.9936,0.6983,0.4851,1.0190
245,0.6470,0.9674,1.1583,0.9905,0.6938,0.4851,1.0182
246,0.6510,0.9662,1.1569,0.9874,0.6895,0.4851,1.0215
247,0.6457,0.9642,1.1555,0.9843,0.6852,0.4850,1.0184
248,0.6380,0.9623,1.1541,0.9811,0.6810,0.4850,1.0169
249,0.6415,0.9608,1.1527,0.9780,0.6769,0.4850,1.0224
250,0.6333,0.9594,1.1511,0.9749,0.6730,0.4849,1.0200
251,0.6391,0.9577,1.1496,0.9718,0.6691,0.4849,1.0170
252,0.6349,0.9561,1.1481,0.9687,0.6654,0.4849,1.0188
253,0.6306,0.9540,1.1467,0.9655,0.6617,0.4849,1.0211
254,0.6252,0.9525,1.1451,0.9625,0.6581,0.4848,1.0152
255,0.6181,0.9511,1.1435,0.9594,0.6545,0.4848,1.0225
256,0.6226,0.9496,1.1419,0.9562,0.6512,0.4848,1.0212
257,0.6155,0.9477,1.1403,0.9531,0.6477,0.4847,1.0206
258,0.6194,0.9463,1.1387,0.9501,0.6445,0.4847,1.0256
259,0.6197,0.9448,1.1370,0.9468,0.6413,0.4847,1.0234
260,0.6131,0.9430,1.1353,0.9437,0.6381,0.4847,1.0220
261,0.6132,0.9414,1.1336,0.9406,0.6350,0.4846,1.0160
262,0.6124,0.9399,1.1319,0.9374,0.6320,0.4846,1.0179
263,0.6165,0.9386,1.1301,0.9343,0.6291,0.4846,1.0246
264,0.6054,0.9369,1.1282,0.9311,0.6263,0.4845,1.0163
265,0.6070,0.9355,1.1264,0.9280,0.6235,0.4845,1.0153
266,0.6029,0.9340,1.1245,0.9247,0.6207,0.4845,1.0094
267,0.6006,0.9320,1.1225,0.9216,0.6180,0.4845,1.0142
268,0.6034,0.9304,1.1207,0.9183,0.6154,0.4844,1.0287
269,0.5995,0.9293,1.1186,0.9151,0.6128,0.4844,1.0181
270,0.6066,0.9277,1.1165,0.9119,0.6103,0.4844,1.0169
271,0.6023,0.9261,1.1143,0.9086,0.6078,0.4844,1.0227
272,0.5946,0.9246,1.1123,0.9054,0.6053,0.4843,1.0125
273,0.5971,0.9228,1.1100,0.9021,0.6030,0.4843,1.0199
274,0.5846,0.9214,1.1078,0.8988,0.6007,0.4843,1.0219
275,0.5914,0.9195,1.1054,0.8955,0.5984,0.4842,1.0149
276,0.5959,0.9179,1.1031,0.8923,0.5961,0.4842,1.0151
277,0.5863,0.9168,1.1007,0.8889,0.5940,0.4842,1.0235
278,0.5835,0.9150,1.0982,0.8855,0.5918,0.4842,1.0167
279,0.5774,0.9139,1.0957,0.8821,0.5896,0.4841,1.0142
280,0.5858,0.9117,1.0932,0.8787,0.5876,0.4841,1.0153
281,0.5797,0.9104,1.0905,0.8753,0.5856,0.4841,1.0115
282,0.5802,0.9093,1.0878,0.8718,0.5835,0.4841,1.0148
283,0.5719,0.9079,1.0852,0.8683,0.5816,0.4840,1.0294
284,0.5792,0.9062,1.0824,0.8648,0.5797,0.4840,1.0222
285,0.5787,0.9046,1.0797,0.8611,0.5778,0.4840,1.0207
286,0.5768,0.9032,1.0768,0.8576,0.5759,0.4840,1.0169
287,0.5744,0.9015,1.0740,0.8538,0.5740,0.4839,1.0201
288,0.5709,0.9001,1.0711,0.8500,0.5723,0.4839,1.0219
289,0.5704,0.8984,1.0682,0.8463,0.5705,0.4839,1.0182
290,0.5665,0.8970,1.0654,0.8423,0.5688,0.4839,1.0121
291,0.5638,0.8955,1.0625,0.8383,0.5671,0.4838,1.0137
292,0.5653,0.8942,1.0596,0.8343,0.5653,0.4838,1.0204
293,0.5640,0.8926,1.0567,0.8302,0.5637,0.4838,1.0134
294,0.5676,0.8909,1.0539,0.8261,0.5621,0.4838,1.0211
295,0.5634,0.8895,1.0510,0.8216,0.5605,0.4837,1.0226
296,0.5575,0.8880,1.0482,0.8173,0.5588,0.4837,1.0164
297,0.5620,0.8868,1.0454,0.8128,0.5574,0.4837,1.0182
298,0.5515,0.8854,1.0425,0.8081,0.5559,0.4837,1.0139
299,0.5523,0.8836,1.0397,0.8035,0.5543,0.4836,1.0159
300,0.5575,0.8823,1.0369,0.7986,0.5528,0.4836,1.0169
301,0.5534,0.8808,1.0342,0.7939,0.5513,0.4836,1.0157
302,0.5581,0.8787,1.0314,0.7890,0.5499,0.4836,1.0140
303,0.5522,0.8771,1.0287,0.7839,0.5485,0.4835,1.0193
304,0.5518,0.8762,1.0260,0.7788,0.5472,0.4835,1.0226
305,0.5690,0.8753,1.0233,0.7737,0.5457,0.4835,1.0166
306,0.5475,0.8736,1.0206,0.7685,0.5444,0.4835,1.0156
307,0.5509,0.8722,1.0179,0.7632,0.5430,0.4834,1.0281
308,0.5486,0.8707,1.0153,0.7581,0.5418,0.4834,1.0199
309,0.5479,0.8685,1.0127,0.7529,0.5404,0.4834,1.0172
310,0.5452,0.8677,1.0101,0.7476,0.5391,0.4834,1.0170
311,0.5501,0.8663,1.0076,0.7425,0.5379,0.4833,1.0174
312,0.5369,0.8646,1.0050,0.7373,0.5366,0.4833,1.0172
313,0.5428,0.8634,1.0025,0.7323,0.5354,0.4833,1.0245
314,0.5395,0.8621,1.0000,0.7274,0.5342,0.4833,1.0165
315,0.5423,0.8606,0.9976,0.7224,0.5330,0.4832,1.0105
316,0.5373,0.8592,0.9950,0.7176,0.5319,0.4832,1.0214
317,0.5336,0.8578,0.9926,0.7128,0.5307,0.4832,1.0219
318,0.5456,0.8567,0.9903,0.7082,0.5295,0.4832,1.0134
319,0.5326,0.8549,0.9878,0.7036,0.5284,0.4831,1.0162
320,0.5340,0.8537,0.9855,0.6992,0.5272,0.4831,1.0191
321,0.5248,0.8520,0.9830,0.6949,0.5262,0.4831,1.0197
322,0.5428,0.8512,0.9808,0.6905,0.5251,0.4831,1.0170
323,0.5260,0.8496,0.9784,0.6864,0.5240,0.4830,1.0181
324,0.5314,0.8477,0.9760,0.6825,0.5230,0.4830,1.0182
325,0.5283,0.8469,0.9737,0.6787,0.5219,0.4830,1.0055
326,0.5309,0.8457,0.9714,0.6749,0.5209,0.4829,1.0223
327,0.5256,0.8441,0.9691,0.6712,0.5199,0.4829,1.0175
328,0.5266,0.8421,0.9669,0.6676,0.5189,0.4829,1.0149
329,0.5220,0.8418,0.9646,0.6641,0.5179,0.4829,1.0173
330,0.5318,0.8402,0.9623,0.6608,0.5169,0.4828,1.0166
331,0.5207,0.8389,0.9601,0.6577,0.5160,0.4828,1.0225
332,0.5266,0.8376,0.9578,0.6545,0.5149,0.4828,1.0188
333,0.5171,0.8363,0.9556,0.6516,0.5139,0.4828,1.0145
334,0.5221,0.8346,0.9533,0.6484,0.5131,0.4827,1.0207
335,0.5224,0.8343,0.9511,0.6458,0.5122,0.4827,1.0133
336,0.5267,0.8323,0.9489,0.6430,0.5112,0.4827,1.0170
337,0.5172,0.8308,0.9467,0.6404,0.5103,0.4826,1.0256
338,0.5183,0.8287,0.9444,0.6379,0.5095,0.4826,1.0102
339,0.5219,0.8290,0.9422,0.6354,0.5086,0.4826,1.0254
340,0.5208,0.8273,0.9400,0.6330,0.5077,0.4826,1.0162
341,0.5183,0.8261,0.9378,0.6307,0.5069,0.4825,1.0135
342,0.5104,0.8249,0.9357,0.6286,0.5060,0.4825,1.0250
343,0.5165,0.8238,0.9335,0.6263,0.5051,0.4825,1.0154
344,0.5252,0.8226,0.9313,0.6242,0.5043,0.4824,1.0126
345,0.5211,0.8218,0.9291,0.6223,0.5036,0.4824,1.0261
346,0.5080,0.8201,0.9269,0.6203,0.5027,0.4824,1.0203
347,0.5127,0.8183,0.9247,0.6184,0.5019,0.4824,1.0185
348,0.5113,0.8178,0.9225,0.6167,0.5012,0.4823,1.0146
349,0.5221,0.8166,0.9203,0.6149,0.5003,0.4823,1.0147
350,0.5146,0.8151,0.9181,0.6131,0.4996,0.4823,1.0208
351,0.5147,0.8136,0.9160,0.6113,0.4988,0.4822,1.0120
352,0.5084,0.8124,0.9138,0.6098,0.4979,0.4822,1.0161
353,0.5062,0.8116,0.9115,0.6082,0.4971,0.4822,1.0098
354,0.5034,0.8106,0.9095,0.6066,0.4965,0.4822,1.0256
355,0.5058,0.8096,0.9074,0.6049,0.4957,0.4821,1.0214
356,0.5116,0.8079,0.9052,0.6035,0.4951,0.4821,1.0217
357,0.5082,0.8077,0.9030,0.6021,0.4943,0.4821,1.0216
358,0.4962,0.8060,0.9007,0.6006,0.4936,0.4820,1.0181
359,0.4971,0.8051,0.8986,0.5993,0.4929,0.4820,1.0213
360,0.4916,0.8033,0.8966,0.5979,0.4922,0.4820,1.0207
361,0.4967,0.8022,0.8944,0.5965,0.4915,0.4819,1.0128
362,0.5144,0.8008,0.8924,0.5951,0.4908,0.4819,1.0194
363,0.4984,0.8002,0.8903,0.5939,0.4900,0.4819,1.0257
364,0.5077,0.7987,0.8883,0.5925,0.4894,0.4819,1.0148
365,0.4911,0.7978,0.8861,0.5913,0.4888,0.4818,1.0109
366,0.5003,0.7964,0.8842,0.5900,0.4881,0.4818,1.0250
367,0.5059,0.7955,0.8821,0.5888,0.4874,0.4818,1.0179
368,0.5009,0.7950,0.8801,0.5877,0.4867,0.4817,1.0155
369,0.4846,0.7929,0.8781,0.5863,0.4862,0.4817,1.0157
370,0.4964,0.7924,0.8761,0.5852,0.4856,0.4817,1.0188
371,0.4886,0.7909,0.8742,0.5840,0.4850,0.4816,1.0143
372,0.4946,0.7901,0.8721,0.5829,0.4843,0.4816,1.0081
373,0.4957,0.7883,0.8703,0.5817,0.4836,0.4816,1.0183
374,0.5055,0.7880,0.8683,0.5805,0.4830,0.4815,1.0221
375,0.5008,0.7865,0.8665,0.5791,0.4825,0.4815,1.0180
376,0.4839,0.7855,0.8644,0.5782,0.4819,0.4815,1.0169
377,0.4860,0.7844,0.8627,0.5769,0.4812,0.4815,1.0186
378,0.5000,0.7830,0.8609,0.5758,0.4807,0.4814,1.0095
379,0.5061,0.7824,0.8591,0.5746,0.4799,0.4814,1.0238
380,0.4918,0.7811,0.8571,0.5737,0.4795,0.4814,1.0200
381,0.4860,0.7800,0.8554,0.5723,0.4789,0.4813,1.0184
382,0.4899,0.7789,0.8535,0.5712,0.4784,0.4813,1.0164
383,0.4942,0.7767,0.8519,0.5700,0.4777,0.4813,1.0178
384,0.4853,0.7768,0.8501,0.5690,0.4772,0.4812,1.0221
385,0.4886,0.7759,0.8482,0.5677,0.4766,0.4812,1.0171
386,0.4930,0.7743,0.8465,0.5664,0.4762,0.4812,1.0150
387,0.4750,0.7733,0.8449,0.5653,0.4755,0.4811,1.0315
388,0.4821,0.7720,0.8432,0.5641,0.4750,0.4811,1.0177
389,0.5001,0.7710,0.8414,0.5630,0.4744,0.4810,1.0232
390,0.4708,0.7699,0.8396,0.5617,0.4739,0.4810,1.0178
391,0.4801,0.7690,0.8382,0.5606,0.4733,0.4810,1.0165
392,0.4778,0.7687,0.8364,0.5595,0.4728,0.4809,1.0162
393,0.4833,0.7668,0.8348,0.5582,0.4723,0.4809,1.0148
394,0.4816,0.7658,0.8333,0.5569,0.4718,0.4809,1.0212
395,0.4757,0.7654,0.8316,0.5557,0.4711,0.4808,1.0114
396,0.4765,0.7634,0.8300,0.5545,0.4708,0.4808,1.0143
397,0.4697,0.7626,0.8284,0.5533,0.4702,0.4808,1.0208
398,0.4744,0.7611,0.8268,0.5521,0.4697,0.4807,1.0205
399,0.4664,0.7601,0.8253,0.5508,0.4694,0.4807,1.0164
400,0.4815,0.7596,0.8237,0.5495,0.4688,0.4807,1.0145
401,0.4693,0.7583,0.8221,0.5483,0.4683,0.4806,1.0208
402,0.4747,0.7581,0.8205,0.5467,0.4676,0.4806,1.0204
403,0.4743,0.7563,0.8190,0.5457,0.4673,0.4806,1.0120
404,0.4607,0.7556,0.8175,0.5446,0.4668,0.4805,1.0186
405,0.4619,0.7541,0.8161,0.5434,0.4663,0.4805,1.0196
406,0.4666,0.7528,0.8146,0.5417,0.4658,0.4804,1.0172
407,0.4721,0.7525,0.8129,0.5406,0.4653,0.4804,1.0151
408,0.4696,0.7508,0.8114,0.5392,0.4649,0.4804,1.0125
409,0.4618,0.7504,0.8100,0.5381,0.4644,0.4803,1.0052
410,0.4619,0.7491,0.8084,0.5366,0.4639,0.4803,1.0187
411,0.4643,0.7480,0.8070,0.5352,0.4635,0.4803,1.0158
412,0.4726,0.7465,0.8056,0.5339,0.4630,0.4802,1.0206
413,0.4648,0.7461,0.8041,0.5328,0.4626,0.4802,1.0144
414,0.4657,0.7444,0.8026,0.5312,0.4619,0.4801,1.0249
415,0.4529,0.7433,0.8011,0.5299,0.4617,0.4801,1.0196
416,0.4627,0.7427,0.7996,0.5287,0.4612,0.4801,1.0061
417,0.4576,0.7412,0.7981,0.5275,0.4606,0.4800,1.0237
418,0.4569,0.7403,0.7967,0.5260,0.4604,0.4800,1.0120
419,0.4569,0.7393,0.7952,0.5250,0.4599,0.4799,1.0210
420,0.4506,0.7385,0.7938,0.5235,0.4594,0.4799,1.0169
421,0.4514,0.7381,0.7923,0.5219,0.4590,0.4799,1.0169
422,0.4587,0.7365,0.7908,0.5208,0.4586,0.4798,1.0153
423,0.4484,0.7355,0.7894,0.5193,0.4581,0.4798,1.0124
424,0.4534,0.7349,0.7877,0.5180,0.4577,0.4797,1.0230
425,0.4476,0.7340,0.7866,0.5167,0.4572,0.4797,1.0218
426,0.4560,0.7332,0.7851,0.5153,0.4569,0.4797,1.0184
427,0.4432,0.7314,0.7836,0.5142,0.4564,0.4796,1.0238
428,0.4517,0.7309,0.7818,0.5127,0.4561,0.4796,1.0072
429,0.4501,0.7292,0.7806,0.5112,0.4555,0.4795,1.0242
430,0.4428,0.7287,0.7791,0.5100,0.4550,0.4795,1.0145
431,0.4492,0.7280,0.7776,0.5089,0.4547,0.4794,1.0147
432,0.4421,0.7270,0.7761,0.5074,0.4543,0.4794,1.0153
433,0.4492,0.7257,0.7747,0.5063,0.4539,0.4794,1.0176
434,0.4429,0.7252,0.7731,0.5049,0.4534,0.4793,1.0175
435,0.4476,0.7248,0.7714,0.5036,0.4531,0.4793,1.0255
436,0.4362,0.7231,0.7701,0.5025,0.4527,0.4792,1.0154
437,0.4474,0.7221,0.7686,0.5013,0.4522,0.4792,1.0167
438,0.4326,0.7219,0.7670,0.5000,0.4518,0.4792,1.0111
439,0.4367,0.7210,0.7656,0.4987,0.4514,0.4791,1.0175
440,0.4364,0.7203,0.7640,0.4974,0.4511,0.4791,1.0222
441,0.4421,0.7186,0.7625,0.4963,0.4505,0.4790,1.0097
442,0.4363,0.7177,0.7608,0.4950,0.4502,0.4790,1.0245
443,0.4381,0.7171,0.7593,0.4934,0.4497,0.4789,1.0168
444,0.4354,0.7164,0.7576,0.4922,0.4494,0.4789,1.0094
445,0.4316,0.7156,0.7562,0.4915,0.4489,0.4789,1.0127
446,0.4329,0.7147,0.7546,0.4900,0.4486,0.4788,1.0260
447,0.4337,0.7136,0.7530,0.4888,0.4482,0.4788,1.0113
448,0.4330,0.7136,0.7514,0.4876,0.4477,0.4787,1.0186
449,0.4269,0.7119,0.7498,0.4865,0.4474,0.4787,1.0128
450,0.4380,0.7103,0.7482,0.4853,0.4469,0.4786,1.0215
451,0.4278,0.7104,0.7466,0.4839,0.4465,0.4786,1.0145
452,0.4239,0.7092,0.7450,0.4826,0.4461,0.4785,1.0202
453,0.4238,0.7087,0.7434,0.4819,0.4457,0.4785,1.0057
454,0.4280,0.7087,0.7417,0.4805,0.4453,0.4784,1.0241
455,0.4331,0.7068,0.7400,0.4794,0.4450,0.4784,1.0171
456,0.4277,0.7071,0.7384,0.4783,0.4446,0.4784,1.0205
457,0.4365,0.7059,0.7368,0.4768,0.4441,0.4783,1.0222
458,0.4240,0.7051,0.7351,0.4760,0.4436,0.4783,1.0257
459,0.4272,0.7045,0.7336,0.4749,0.4432,0.4782,1.0187
460,0.4185,0.7029,0.7320,0.4736,0.4429,0.4782,1.0150
461,0.4163,0.7028,0.7302,0.4722,0.4424,0.4781,1.0213
462,0.4272,0.7015,0.7285,0.4713,0.4420,0.4781,1.0160
463,0.4292,0.7008,0.7270,0.4701,0.4415,0.4780,1.0128
464,0.4162,0.7002,0.7251,0.4687,0.4413,0.4780,1.0202
465,0.4197,0.6993,0.7235,0.4680,0.4407,0.4779,1.0196
466,0.4168,0.6985,0.7221,0.4668,0.4404,0.4779,1.0129
467,0.4227,0.6987,0.7203,0.4654,0.4399,0.4778,1.0227
468,0.4232,0.6975,0.7186,0.4649,0.4396,0.4778,1.0172
469,0.4233,0.6967,0.7168,0.4637,0.4390,0.4777,1.0179
470,0.4276,0.6959,0.7151,0.4627,0.4385,0.4777,1.0173
471,0.4149,0.6953,0.7133,0.4616,0.4382,0.4776,1.0169
472,0.4213,0.6944,0.7119,0.4605,0.4377,0.4776,1.0186
473,0.4193,0.6938,0.7101,0.4591,0.4374,0.4775,1.0160
474,0.4159,0.6937,0.7081,0.4581,0.4369,0.4775,1.0187
475,0.4157,0.6927,0.7064,0.4573,0.4364,0.4774,1.0197
476,0.4183,0.6921,0.7046,0.4564,0.4360,0.4774,1.0142
477,0.4153,0.6913,0.7028,0.4549,0.4355,0.4773,1.0252
478,0.4137,0.6908,0.7009,0.4540,0.4351,0.4773,1.0161
479,0.4190,0.6899,0.6992,0.4531,0.4348,0.4772,1.0198
480,0.4132,0.6897,0.6973,0.4517,0.4342,0.4772,1.0165
481,0.4131,0.6888,0.6951,0.4508,0.4338,0.4771,1.0146
482,0.4152,0.6883,0.6935,0.4502,0.4331,0.4771,1.0236
483,0.4085,0.6871,0.6915,0.4484,0.4330,0.4770,1.0258
484,0.4070,0.6864,0.6893,0.4478,0.4324,0.4770,1.0188
485,0.4118,0.6866,0.6873,0.4467,0.4320,0.4769,1.0126
486,0.4094,0.6865,0.6850,0.4455,0.4317,0.4768,1.0307
487,0.4100,0.6853,0.6831,0.4446,0.4311,0.4768,1.0184
488,0.4057,0.6853,0.6807,0.4434,0.4307,0.4767,1.0180
489,0.4049,0.6842,0.6781,0.4424,0.4303,0.4767,1.0152
490,0.4105,0.6842,0.6759,0.4421,0.4297,0.4766,1.0201
491,0.4031,0.6833,0.6733,0.4410,0.4293,0.4766,1.0173
492,0.4075,0.6822,0.6707,0.4399,0.4290,0.4765,1.0213
493,0.4088,0.6818,0.6674,0.4386,0.4285,0.4765,1.0150
494,0.4005,0.6817,0.6648,0.4378,0.4280,0.4764,1.0133
495,0.4045,0.6804,0.6617,0.4368,0.4275,0.4764,1.0198
496,0.4018,0.6798,0.6586,0.4357,0.4271,0.4763,1.0250
497,0.3997,0.6794,0.6551,0.4349,0.4266,0.4763,1.0177
498,0.4056,0.6789,0.6514,0.4341,0.4262,0.4762,1.0161
499,0.4056,0.6783,0.6470,0.4328,0.4257,0.4761,1.0161
500,0.4005,0.6780,0.6431,0.4318,0.4252,0.4761,1.0160
